801 2963
265 794
782 220
474 91
753 679
97 528
722 785
546 768
619 257
257 524
490 545
270 302
146 264
554 547
612 606
316 229
4 404
374 87
431 148
271 345
459 186
684 517
478 145
461 199
599 364
138 306
380 588
622 55
22 593
97 696
263 27
528 168
784 194
652 406
398 379
772 588
65 11
374 63
263 631
678 658
311 241
320 231
49 543
619 64
692 266
713 785
390 188
383 707
375 453
360 493
752 612
343 252
790 794
627 612
176 660
80 289
61 257
579 434
544 368
38 172
213 582
430 287
326 282
557 503
65 12
708 424
514 715
660 331
94 604
99 253
101 193
339 129
654 23
88 74
700 158
560 553
262 417
373 119
90 680
731 785
754 201
3 725
600 84
139 7
530 749
68 700
651 412
537 408
422 383
689 664
8 212
137 509
401 579
415 601
15 452
383 352
207 475
427 356
231 635
291 107
347 525
541 13
48 345
565 135
272 332
211 250
52 263
512 103
113 345
719 338
426 125
543 682
565 563
217 203
201 718
623 599
662 589
683 737
648 11
208 360
174 795
654 602
178 307
566 456
342 605
402 21
130 142
43 326
204 454
120 467
265 283
162 287
733 543
534 592
59 560
650 568
138 276
690 297
430 99
303 723
234 253
786 62
119 273
250 470
587 438
308 701
21 426
661 122
681 641
726 273
249 647
323 648
382 227
567 181
453 167
74 660
556 426
685 661
688 135
229 350
85 87
141 664
473 645
21 637
44 101
193 211
193 518
749 446
290 37
770 142
722 557
648 311
784 126
126 247
698 9
366 300
296 680
796 42
446 324
626 416
292 487
128 590
793 420
68 219
542 282
163 764
348 782
95 180
723 759
634 467
393 684
305 562
44 773
415 573
588 302
440 657
563 308
189 469
137 727
676 35
333 313
772 129
42 732
187 86
545 214
102 648
765 456
27 748
739 637
607 666
494 38
95 507
571 769
46 348
121 591
325 535
624 19
552 271
652 640
564 184
430 231
286 40
15 618
36 685
55 142
147 524
68 799
527 442
658 589
594 408
117 636
762 489
466 218
456 577
380 494
347 296
41 344
480 322
481 52
262 270
271 414
296 298
374 347
724 540
486 507
296 171
717 128
60 306
6 146
762 539
462 368
135 314
583 731
512 307
57 410
169 688
334 512
170 545
485 733
107 134
783 529
507 672
382 780
493 247
296 386
442 281
300 76
393 630
600 634
176 407
440 567
664 396
115 512
153 227
99 164
84 336
507 334
570 385
73 687
55 331
586 666
244 542
137 157
639 439
574 294
759 435
373 756
248 456
85 160
17 320
110 615
148 715
281 724
448 777
17 465
733 368
2 144
132 361
387 781
356 143
18 368
316 525
789 757
693 462
159 107
414 465
435 723
183 650
141 785
350 739
646 257
765 799
690 218
657 35
640 682
199 668
276 784
712 446
742 83
613 281
410 85
121 619
581 554
658 450
308 130
681 310
222 413
228 709
799 791
601 52
783 147
430 692
34 686
381 709
592 241
241 114
349 497
725 219
126 584
288 519
445 261
453 654
455 83
58 293
131 425
439 687
764 27
336 404
248 801
283 226
232 324
620 22
379 278
217 695
489 698
225 429
464 488
29 398
198 258
680 541
219 139
164 67
244 708
445 443
321 754
786 409
73 15
532 725
58 701
542 273
697 668
721 573
162 152
220 646
187 790
645 483
705 152
543 306
102 678
731 50
445 387
587 750
294 276
743 337
231 61
785 369
17 452
606 556
572 644
316 683
558 339
800 173
98 388
107 384
455 544
684 93
173 726
82 190
266 450
32 449
216 414
468 688
457 495
406 166
633 774
235 46
224 462
167 712
442 396
636 388
48 741
601 337
103 442
159 356
253 9
625 32
327 152
229 340
3 309
151 739
99 306
463 423
17 763
572 408
793 784
84 671
395 585
441 532
336 564
193 446
13 107
714 200
218 117
491 516
188 330
618 57
177 309
234 302
55 459
222 121
80 13
597 412
377 257
318 27
268 321
223 719
350 477
789 65
651 471
89 776
353 643
653 677
259 171
452 81
626 282
59 298
497 131
193 500
355 240
599 6
135 415
75 516
497 101
740 741
83 17
212 446
135 231
712 457
569 653
750 1
552 8
754 521
171 409
691 597
636 549
234 126
659 51
578 628
777 412
483 488
402 143
29 503
145 644
215 378
64 768
794 178
776 409
652 308
265 705
710 6
714 17
678 650
532 513
221 75
369 66
740 87
118 765
720 302
191 724
412 218
605 570
566 800
554 287
58 799
384 571
539 609
277 186
100 658
636 572
359 391
215 628
143 459
250 382
59 549
281 739
764 697
304 71
394 258
214 131
464 561
197 772
419 278
339 741
29 54
454 557
590 547
319 545
756 388
248 553
502 226
712 621
741 528
734 628
697 568
718 120
3 446
315 112
557 383
602 583
342 348
508 391
550 495
499 521
157 542
801 272
27 762
147 642
171 795
136 401
484 383
604 264
285 136
722 568
334 217
328 766
101 242
138 76
786 797
90 446
92 430
294 12
483 69
84 13
783 172
587 772
606 142
644 274
224 408
612 238
558 422
100 397
321 424
598 498
102 631
288 196
17 506
607 352
756 720
523 337
523 740
446 96
485 454
148 512
424 403
152 749
707 413
655 558
468 68
344 202
607 75
437 660
330 510
759 618
135 716
686 548
373 444
107 157
451 423
795 450
66 356
84 560
274 482
348 381
645 190
781 497
486 633
485 463
140 593
778 521
532 232
532 38
373 276
391 149
340 311
494 486
226 141
299 193
177 557
587 377
787 139
626 417
771 453
576 758
405 565
523 254
615 129
637 798
528 131
380 726
384 139
422 408
26 586
246 33
790 77
519 513
186 769
279 29
154 227
211 549
472 739
344 216
311 801
687 570
688 620
67 34
470 760
661 695
649 554
670 575
50 626
237 255
473 662
334 604
313 650
483 716
648 263
671 690
195 427
312 25
152 706
27 510
724 645
232 646
443 717
144 775
456 462
420 519
457 686
333 526
389 711
548 109
588 721
58 580
402 137
131 477
249 412
14 639
413 131
443 588
382 705
68 396
176 439
677 640
328 337
92 282
130 654
531 394
795 128
124 85
618 745
782 244
325 194
57 10
539 544
117 757
123 332
25 80
369 90
564 672
467 788
674 305
552 56
314 320
560 611
338 113
728 164
429 70
25 59
362 123
18 137
441 758
596 686
705 180
139 241
109 776
566 237
369 261
108 205
314 572
509 517
117 85
59 352
494 732
8 771
795 225
541 136
209 796
507 508
658 548
309 419
66 383
359 293
61 120
373 497
749 349
364 770
447 122
749 700
525 233
332 170
740 372
580 589
68 764
107 4
308 760
719 277
315 211
354 449
10 248
658 82
144 409
536 443
295 642
629 627
460 213
542 641
84 214
546 137
657 138
639 623
59 400
132 570
581 127
426 283
444 147
672 329
378 173
161 94
458 648
574 416
743 787
504 763
51 238
720 629
460 522
798 720
196 317
109 591
678 711
53 693
437 224
348 477
315 524
319 204
412 724
420 21
25 92
601 688
767 772
491 383
42 586
259 373
5 281
743 645
283 107
637 163
585 389
202 469
785 544
314 696
188 292
651 677
504 38
430 786
468 449
287 143
73 55
774 663
59 683
61 131
248 43
764 104
32 450
689 41
198 36
716 20
274 716
494 414
187 152
445 234
380 527
546 10
642 355
454 461
13 793
443 355
579 83
175 493
489 481
750 389
400 606
37 460
700 28
518 576
722 799
249 315
563 780
432 660
235 335
453 727
739 440
463 685
796 209
263 346
198 586
507 748
174 336
611 319
594 797
171 59
634 746
423 272
196 628
86 255
273 261
148 300
284 361
30 285
362 175
9 690
53 164
36 44
774 315
633 565
8 379
691 405
310 684
262 579
284 15
234 116
180 659
269 563
143 452
790 769
166 496
708 678
251 782
140 441
74 781
554 76
105 617
666 628
112 433
592 294
221 527
260 659
698 552
688 777
528 387
416 7
276 462
678 739
38 761
60 590
479 601
318 345
799 223
471 421
772 561
632 347
102 501
157 523
699 72
775 527
331 569
405 274
613 744
599 723
182 490
505 382
508 578
280 701
683 35
522 338
444 495
377 92
104 332
198 556
609 225
75 507
758 473
464 746
503 139
235 451
715 438
473 519
130 480
136 397
86 256
549 744
469 563
181 398
692 413
347 724
168 194
168 535
632 28
423 140
226 456
506 706
732 15
678 485
130 729
224 798
5 60
298 54
118 14
288 572
693 79
52 694
630 570
422 95
388 91
688 577
764 45
727 590
710 343
677 22
365 91
520 740
516 429
469 572
716 64
329 73
425 665
460 452
338 700
446 691
193 103
417 766
697 28
258 454
381 321
368 309
394 162
77 383
660 758
274 208
349 762
415 235
778 601
799 91
91 648
261 35
338 256
323 620
31 370
508 688
179 473
551 635
698 157
385 719
151 532
797 782
7 318
635 420
287 474
433 474
550 696
751 144
454 112
607 74
681 647
682 287
596 29
248 423
586 371
382 790
174 698
495 136
404 262
61 291
710 208
570 181
534 407
738 137
703 548
578 712
408 59
651 201
796 553
563 283
601 204
503 436
216 110
770 579
331 669
776 517
634 140
799 299
450 595
235 286
473 63
628 287
631 226
177 556
89 453
401 624
664 597
534 456
670 500
271 757
255 250
497 88
423 357
390 557
724 520
504 577
283 671
488 667
269 213
790 537
224 245
632 167
779 776
427 322
271 143
434 103
344 526
369 570
628 410
37 579
373 397
467 606
414 321
785 595
52 569
184 753
439 331
155 461
377 333
360 72
17 492
8 249
100 583
782 5
662 420
490 48
19 36
644 46
647 734
394 512
415 349
366 139
27 366
598 428
45 19
729 742
640 711
22 285
354 578
712 292
290 221
573 211
440 577
136 437
126 159
54 29
534 230
153 598
688 71
67 1
399 660
516 239
683 316
688 214
262 514
230 759
727 175
252 13
663 208
131 453
169 365
121 419
136 45
63 39
157 499
361 757
548 689
556 287
631 416
778 442
500 645
28 737
47 78
198 741
288 796
534 249
449 459
421 389
687 603
197 185
343 206
177 500
459 469
556 61
544 322
29 262
64 616
733 627
705 292
374 196
691 258
506 651
236 221
23 345
586 112
491 425
456 405
722 518
208 462
122 391
175 796
103 420
479 82
522 291
101 454
66 296
193 795
640 684
362 591
21 118
174 701
524 156
29 432
583 308
18 585
721 714
332 58
336 360
390 512
597 189
33 773
435 246
571 261
311 6
612 65
615 553
301 355
652 443
268 786
663 151
663 322
467 515
105 351
747 664
162 325
239 666
535 473
41 442
336 720
208 677
754 672
468 340
417 718
733 320
644 695
649 369
558 149
464 377
300 458
357 636
709 471
674 347
658 535
401 360
370 761
497 455
155 665
212 11
384 297
94 172
315 457
722 124
726 756
585 59
694 375
567 255
291 726
381 499
459 547
587 408
36 63
552 784
252 71
743 712
460 514
405 724
304 383
450 616
487 486
770 523
293 792
259 607
5 570
744 71
176 334
146 55
682 584
402 77
77 589
8 428
634 55
66 683
530 337
289 751
642 173
352 647
314 721
703 382
137 454
301 437
798 582
267 583
107 561
382 751
682 547
95 142
522 422
650 371
51 441
466 498
417 585
139 270
19 87
592 115
368 216
761 343
500 493
464 262
146 686
581 746
274 123
59 109
24 185
226 768
45 647
688 565
764 686
70 657
594 666
50 238
90 41
660 320
255 364
509 545
205 413
335 558
211 628
584 655
14 360
694 724
113 73
409 435
191 378
583 676
251 199
87 437
239 260
153 446
701 100
790 654
334 631
156 114
104 419
513 281
449 791
358 278
744 158
227 626
375 160
123 382
181 594
723 703
529 555
190 79
471 506
121 324
393 175
485 561
109 389
555 416
711 3
29 57
282 359
87 434
576 661
97 300
407 331
746 518
637 682
305 287
34 311
751 93
56 333
21 742
79 485
31 764
529 197
488 451
399 482
224 792
461 730
776 618
426 25
318 758
107 438
677 155
97 769
422 37
260 384
575 572
687 539
427 497
595 454
285 392
141 537
768 467
236 616
25 635
580 310
292 665
787 299
564 182
35 248
166 169
467 721
498 204
48 643
529 190
418 157
439 15
224 799
280 470
306 448
418 179
202 689
405 508
10 25
102 94
339 376
378 360
145 396
735 340
240 782
538 493
574 82
206 200
357 629
210 682
229 228
231 192
644 547
89 100
218 87
76 716
42 281
256 306
23 212
265 753
639 537
69 118
597 794
629 419
98 646
247 113
528 489
765 73
272 311
75 288
424 744
296 701
444 32
213 434
584 570
287 426
38 7
612 458
463 574
391 71
345 288
643 94
440 535
361 677
3 583
196 186
736 698
178 342
228 499
199 346
698 154
94 564
438 401
452 799
469 491
144 346
575 555
463 312
123 53
513 635
273 321
607 657
442 456
665 523
263 113
780 746
524 216
97 736
165 708
556 308
371 467
444 285
171 691
457 331
402 444
61 686
102 773
140 328
285 657
416 736
553 481
2 361
664 156
699 760
367 163
597 445
217 500
594 235
499 542
499 85
797 497
121 587
626 590
608 526
241 730
693 69
504 578
139 494
486 630
359 764
334 383
45 557
318 661
589 737
543 452
629 445
510 156
718 481
295 624
225 284
653 66
708 148
448 637
326 730
279 253
90 517
771 528
222 420
329 708
758 362
117 205
172 35
727 772
525 737
485 36
213 175
361 238
677 208
759 371
255 292
493 36
519 632
208 555
170 658
418 307
532 676
438 160
356 776
107 713
293 494
684 786
244 348
334 687
543 739
750 569
159 746
327 195
311 734
495 23
5 331
389 81
357 583
33 239
345 173
254 465
515 73
111 552
241 569
24 620
762 550
192 418
484 235
690 554
512 684
212 189
289 600
108 65
108 105
531 493
271 371
370 453
122 155
784 260
424 489
320 709
743 191
375 570
433 621
529 720
396 444
16 557
219 214
683 561
188 497
323 705
289 593
604 744
697 621
771 402
278 230
624 657
90 277
685 36
357 228
208 418
233 688
486 626
36 630
570 650
573 687
548 371
74 400
685 379
302 128
395 245
569 136
15 273
678 239
112 583
421 286
334 529
173 493
74 648
195 471
14 114
473 140
788 32
132 283
763 63
673 224
620 630
591 23
753 434
647 225
635 505
283 12
657 255
700 699
579 324
213 505
657 136
342 664
418 242
517 209
115 762
725 286
765 482
195 531
382 659
37 375
203 12
645 189
308 452
491 265
312 79
296 265
69 390
67 464
765 708
359 221
363 211
769 575
385 323
780 43
796 272
85 215
142 589
409 793
452 337
798 771
232 799
18 451
636 627
359 553
307 575
91 289
335 642
423 744
465 545
157 470
783 296
630 287
153 252
597 761
750 115
775 24
185 723
590 39
348 470
372 103
797 194
302 149
267 469
650 523
752 56
716 585
683 231
444 555
84 408
290 754
331 193
276 777
150 72
78 405
746 118
161 479
199 533
679 783
385 300
796 188
743 216
657 226
358 788
226 12
58 135
137 167
85 686
658 665
329 194
97 699
556 614
758 558
651 288
230 642
792 628
5 265
43 714
45 791
300 33
357 208
785 683
551 600
533 360
755 312
313 704
480 176
633 417
484 213
108 694
550 110
701 242
650 458
597 406
138 771
210 422
721 410
170 416
376 660
233 781
608 597
519 358
550 9
601 570
754 437
577 704
99 248
441 538
300 431
174 778
110 370
257 177
441 698
791 220
49 620
176 372
767 736
92 518
418 135
737 130
95 413
499 572
284 797
726 108
749 69
713 647
109 166
534 393
94 266
260 757
464 462
525 63
528 365
656 263
471 94
256 783
421 459
332 77
49 479
547 424
36 790
201 228
310 262
611 593
333 42
501 46
195 620
209 652
752 36
202 518
222 311
352 231
116 64
762 133
448 197
217 738
397 361
398 329
256 290
293 424
459 365
527 227
323 266
215 253
509 341
364 115
735 433
790 627
517 473
79 39
699 378
431 757
210 101
263 440
142 108
131 509
97 22
777 435
122 800
29 454
606 448
147 208
677 107
525 49
525 764
161 551
592 627
554 182
239 240
792 767
405 403
777 218
340 696
414 148
126 201
554 658
483 70
88 203
489 147
768 418
550 485
456 36
3 98
684 372
522 753
673 653
375 790
11 425
767 410
696 17
291 370
204 478
630 477
225 39
759 251
374 704
181 271
771 589
259 471
387 737
669 490
301 27
432 470
783 392
340 11
163 70
220 730
33 271
291 762
360 461
395 43
270 510
751 3
20 692
630 421
669 268
28 97
319 546
177 503
757 595
96 129
540 543
213 727
568 389
752 354
408 503
64 164
670 281
117 620
413 272
732 389
303 284
236 623
19 166
441 36
189 670
578 488
724 383
709 749
15 608
403 144
397 199
475 350
368 436
350 313
327 739
228 75
210 796
739 538
732 126
573 241
75 63
40 491
665 51
773 587
631 471
462 507
119 227
729 449
712 391
92 263
203 761
183 423
295 297
5 30
61 81
247 95
361 290
695 264
511 730
422 692
575 600
449 461
213 76
765 527
74 642
473 618
315 270
475 119
27 280
545 654
303 746
271 413
556 299
405 326
328 372
154 563
46 72
410 601
417 664
109 450
552 642
457 143
498 387
739 106
282 700
671 155
620 415
269 93
198 205
145 538
439 301
331 492
301 13
319 712
107 133
1 560
242 141
460 84
78 479
561 124
320 180
247 444
767 425
536 270
114 737
667 773
31 607
712 79
452 426
149 374
498 56
226 149
190 322
103 260
645 38
21 104
678 333
554 122
37 662
539 9
465 399
356 61
770 255
585 783
59 364
167 199
332 269
709 506
257 670
792 372
316 626
427 529
483 588
411 254
170 136
508 604
126 23
636 269
174 361
12 380
198 389
18 23
181 761
22 248
386 393
651 159
379 141
325 89
226 22
473 750
609 265
241 236
646 662
278 412
758 746
265 76
601 266
270 650
532 707
646 801
522 275
560 162
656 725
767 130
677 91
662 42
697 177
704 705
686 156
84 396
445 115
321 665
303 793
469 513
415 142
789 157
171 666
371 697
411 69
266 311
141 287
346 396
271 58
594 142
81 742
48 579
328 329
146 432
535 635
461 222
742 364
581 765
275 244
604 178
471 389
640 559
579 468
137 329
28 488
90 171
2 207
592 174
792 171
332 220
459 556
461 256
27 253
83 392
318 571
642 693
221 703
129 622
375 574
118 41
482 630
708 473
756 153
586 573
410 45
365 384
684 219
767 357
340 430
38 547
420 250
404 27
27 303
584 421
586 393
426 447
626 493
37 650
224 564
260 197
357 530
581 536
69 174
750 385
238 213
269 681
186 455
208 403
336 344
118 32
282 409
158 620
677 682
44 549
119 532
299 791
621 509
567 666
514 79
756 72
650 543
282 206
585 34
125 788
480 203
760 749
706 396
797 440
302 782
9 110
611 25
429 580
361 790
196 302
378 585
414 523
181 329
20 540
682 251
156 691
329 497
647 792
773 556
685 239
25 614
526 710
466 167
747 314
358 546
200 22
792 128
277 466
105 728
778 520
747 459
579 653
790 623
774 318
151 756
480 742
680 783
232 263
341 683
329 377
662 94
75 656
500 536
586 403
589 435
739 706
215 610
255 561
609 170
241 344
262 315
523 623
299 285
286 754
347 731
663 42
644 250
603 476
262 202
559 544
504 207
584 297
571 126
653 601
338 609
561 591
748 719
26 561
382 35
737 16
64 241
483 82
601 398
107 181
108 317
203 524
131 398
149 430
635 513
780 366
181 73
273 472
720 700
518 665
23 192
649 657
688 367
447 323
603 92
107 550
54 35
17 466
777 532
118 12
444 791
434 498
530 401
659 536
551 101
735 610
5 65
481 416
638 780
625 297
577 398
715 90
227 533
208 425
343 331
110 547
60 422
703 522
528 357
674 201
345 658
725 98
680 747
37 493
310 517
441 167
333 81
423 677
172 542
13 169
413 260
238 542
767 512
146 564
165 419
774 617
351 456
83 349
246 251
247 598
726 758
396 723
90 290
753 162
100 386
797 484
619 697
726 544
108 322
493 760
385 565
208 478
82 516
376 431
250 456
159 664
368 729
297 166
426 9
755 184
17 732
19 122
466 290
259 683
224 647
171 573
192 582
651 577
266 404
735 627
569 200
477 635
615 143
504 711
102 38
301 654
204 29
641 433
23 288
609 701
529 174
162 561
206 112
42 580
597 449
337 715
231 274
177 735
179 143
491 97
401 310
755 397
351 62
336 440
318 376
510 75
306 579
556 423
344 439
144 52
493 159
41 505
132 395
79 593
378 90
14 420
329 438
675 699
258 471
633 27
108 86
626 74
295 629
741 464
468 769
361 457
787 143
609 115
735 792
738 601
176 487
51 725
489 45
608 512
218 411
629 438
519 443
631 470
405 247
79 448
482 429
70 312
218 522
572 493
699 223
111 398
352 520
630 351
85 303
469 64
180 762
366 594
383 656
259 85
155 337
135 336
304 143
698 396
365 715
518 147
702 460
460 404
62 160
137 436
249 415
302 94
269 773
55 451
573 215
260 310
123 252
412 326
292 646
786 432
392 512
356 366
764 99
468 672
128 10
95 350
408 373
447 75
654 369
417 44
608 281
58 576
458 301
115 657
504 739
448 741
88 343
554 3
631 606
706 454
485 43
285 713
604 55
217 307
114 464
172 171
555 303
344 373
309 462
700 287
168 461
126 117
498 57
619 412
782 248
215 329
1 250
404 691
350 275
649 600
686 258
542 7
655 411
109 696
368 41
615 529
705 110
278 624
64 455
196 716
143 105
115 491
631 338
795 157
561 306
779 138
567 618
175 527
372 188
432 679
448 580
509 101
442 46
406 24
525 697
704 196
162 417
553 298
401 53
735 653
116 741
299 463
303 399
765 304
15 588
396 261
436 236
420 681
277 8
775 70
82 283
229 88
596 661
365 211
101 776
194 204
582 743
436 258
610 30
461 262
299 168
264 147
393 497
345 674
35 359
471 166
680 80
574 251
405 719
778 427
325 665
179 516
147 453
203 375
222 17
724 307
565 743
144 658
482 524
188 40
667 35
775 769
387 576
690 283
290 310
790 285
472 285
595 234
65 33
394 773
351 181
508 305
238 708
718 228
464 380
320 145
66 448
654 228
293 343
39 439
228 746
796 644
108 167
61 247
524 753
248 482
374 189
799 116
488 91
750 279
381 69
787 190
146 74
661 302
277 487
350 271
425 1
27 245
401 24
384 677
434 124
705 74
724 580
319 654
358 133
602 54
327 480
24 593
405 52
135 274
564 253
751 210
787 525
517 630
665 259
207 687
409 343
584 464
194 688
525 791
731 14
435 48
59 380
772 580
631 489
211 663
561 56
249 334
599 15
653 488
766 115
508 666
161 512
536 628
538 175
738 752
151 165
336 165
48 617
692 258
505 787
14 359
184 25
609 645
743 412
462 788
188 456
736 419
344 351
606 172
203 164
616 576
175 700
349 761
461 596
556 776
264 143
709 137
285 220
552 521
641 505
697 4
679 507
348 311
667 275
154 616
362 32
310 672
424 68
460 245
740 586
689 147
172 705
747 165
583 82
130 490
175 652
630 9
762 574
795 484
90 595
524 22
473 247
436 493
422 327
540 574
281 338
121 216
613 356
470 83
712 721
328 616
599 706
577 733
116 719
193 353
123 791
291 556
348 523
23 509
636 117
571 741
26 140
311 294
502 537
447 136
472 145
146 792
312 133
224 359
408 622
483 681
618 20
395 495
62 653
308 795
557 717
602 157
659 539
755 527
741 443
615 636
212 644
699 626
414 358
308 407
675 520
363 438
431 344
484 648
320 348
122 559
73 79
75 226
703 297
406 270
598 711
323 70
307 768
566 542
484 83
26 450
125 227
163 43
67 517
8 49
614 695
302 41
674 539
678 558
346 15
628 44
728 346
615 230
492 799
38 493
742 560
374 437
266 2
161 355
202 234
58 160
227 254
193 485
489 740
453 502
240 371
665 295
296 421
9 768
82 414
379 213
702 180
254 226
750 417
610 449
313 199
560 758
243 386
482 3
9 657
747 431
19 21
311 211
518 530
152 61
567 457
292 761
684 734
558 67
542 338
329 238
754 236
385 570
649 104
44 204
502 46
247 724
512 518
397 402
1 604
685 394
785 72
154 559
232 451
485 63
430 656
586 81
610 725
672 196
665 524
244 253
781 690
287 67
549 316
436 480
112 146
790 501
348 408
261 383
651 638
727 156
468 191
218 489
1 239
404 679
629 682
136 625
619 687
302 625
340 497
655 399
235 678
663 285
594 556
23 305
595 392
317 543
559 548
369 403
626 243
440 663
259 455
80 536
193 544
779 102
598 318
450 304
587 740
110 12
664 561
402 453
773 7
373 393
76 296
726 722
693 682
234 65
144 148
730 651
626 469
148 708
787 171
201 361
552 757
642 724
646 244
479 758
154 68
446 30
485 508
144 434
677 84
458 584
774 263
334 325
427 663
138 109
106 531
334 275
20 732
757 741
522 768
766 475
642 572
477 9
594 293
388 433
617 220
763 755
543 748
405 422
748 388
641 393
148 690
476 199
101 653
98 305
354 122
83 552
376 467
400 120
421 450
180 117
62 113
765 686
627 249
277 569
222 513
26 654
282 346
634 479
639 261
696 709
768 391
218 450
457 366
185 64
481 668
330 274
72 612
126 315
272 102
211 304
650 775
616 320
27 716
446 605
674 330
378 552
590 387
666 624
332 407
388 564
742 718
270 754
548 9
15 162
352 653
507 776
149 632
277 435
44 610
522 645
136 439
29 435
566 145
508 316
255 476
149 277
540 747
743 6
600 304
174 263
641 783
487 324
264 273
73 400
367 274
502 732
8 614
136 112
376 628
765 486
130 188
604 657
200 418
571 238
590 524
423 248
336 34
652 723
465 511
399 195
97 638
631 434
188 645
630 86
249 299
361 372
530 2
198 715
310 303
476 534
777 605
557 700
27 465
366 653
229 539
50 415
196 322
586 643
554 799
719 507
44 705
406 440
118 269
678 788
449 685
765 511
470 197
454 702
326 131
453 793
41 446
668 512
705 266
561 13
319 639
312 747
148 598
262 127
202 218
384 606
773 220
123 692
142 592
144 292
716 589
588 666
404 331
66 495
299 23
543 237
753 27
205 278
399 480
341 747
1 79
493 689
461 392
101 214
501 666
592 284
432 658
732 472
559 404
134 60
609 535
304 701
746 300
412 99
696 633
254 74
701 110
574 452
319 394
121 407
