948 1020
158 834
231 693
382 640
304 190
873 917
650 602
692 64
518 547
679 211
300 849
281 21
745 882
435 535
181 588
400 178
482 348
718 395
526 448
791 17
657 298
164 513
842 230
263 103
679 594
935 153
742 35
221 439
240 67
919 399
327 202
225 359
774 812
152 778
521 14
262 326
650 880
911 126
254 87
687 406
217 71
517 90
32 426
698 38
405 760
786 588
150 665
357 669
118 600
489 340
80 804
225 289
598 570
853 451
483 434
101 79
388 889
789 709
418 761
691 234
770 878
208 274
633 220
680 121
423 20
627 402
591 853
889 414
370 268
49 743
540 413
869 497
577 59
620 262
617 471
818 775
467 207
229 245
522 577
716 29
33 829
105 417
224 625
104 333
933 423
481 558
501 196
621 315
399 360
92 717
710 748
863 574
6 58
12 41
910 328
183 356
678 169
333 781
17 477
646 447
68 662
686 67
658 307
445 877
398 618
578 915
617 943
87 267
218 214
289 463
715 480
320 739
156 271
745 108
570 565
648 155
755 821
121 195
595 796
160 92
380 645
772 135
778 382
809 801
227 47
4 402
113 267
114 411
743 295
658 794
148 29
771 122
720 768
646 109
677 598
192 707
237 95
89 246
151 806
270 93
585 935
200 88
175 258
322 722
726 559
158 872
608 327
776 148
153 154
245 201
73 843
911 232
277 816
110 430
647 156
172 60
256 194
531 631
189 397
333 271
535 689
947 420
946 846
402 123
511 431
770 394
253 1
155 337
595 227
476 922
885 903
529 238
523 392
756 887
466 246
493 569
83 113
139 259
281 787
212 174
880 673
445 798
786 413
383 646
362 65
779 632
343 902
699 905
506 819
137 140
557 363
436 730
750 874
903 47
701 200
210 130
229 881
941 164
213 151
876 885
138 357
515 661
520 946
173 212
77 341
674 817
59 154
846 549
625 455
691 456
261 568
63 59
446 799
397 274
819 682
181 615
345 632
553 423
501 655
85 320
83 31
589 121
833 527
389 470
584 915
560 608
876 593
51 899
174 835
473 350
879 942
847 261
93 442
116 238
127 225
630 323
380 95
635 705
9 737
137 331
13 356
610 183
867 552
293 185
497 888
291 393
347 747
520 86
456 509
147 75
13 927
97 62
821 333
774 197
335 236
693 153
191 701
110 464
600 284
567 412
433 893
861 52
496 148
28 918
753 627
513 413
805 2
142 418
16 554
73 269
638 513
507 114
706 28
879 354
455 595
484 594
848 751
699 885
470 559
753 440
69 142
607 55
908 875
501 710
668 492
134 464
349 209
840 120
713 769
810 369
298 371
724 577
679 167
538 450
797 374
847 171
460 415
768 336
880 334
438 215
551 502
761 803
835 740
313 520
645 456
149 724
856 160
248 732
361 98
907 95
852 692
439 695
883 686
799 223
459 696
640 528
552 519
609 39
230 315
550 337
820 356
592 845
826 548
315 128
221 541
451 300
649 751
934 635
206 6
785 802
784 822
197 271
698 478
68 35
777 886
243 352
458 288
106 733
856 612
851 916
122 780
304 231
53 245
463 76
446 487
343 350
666 20
859 718
940 530
791 11
696 357
854 846
159 674
430 97
333 775
405 901
866 751
417 582
206 681
69 823
541 538
126 6
422 595
781 812
304 432
742 327
484 291
769 812
221 531
102 811
699 204
471 373
482 547
703 823
506 655
748 253
377 190
599 304
890 332
362 457
399 535
824 41
88 119
184 328
153 94
550 468
217 904
488 587
29 883
824 933
301 752
324 94
420 210
265 125
470 422
323 656
597 849
812 764
736 674
678 261
252 174
269 790
7 661
377 542
452 294
531 1
38 683
577 644
751 417
276 714
152 904
395 564
853 561
53 273
735 745
774 581
335 529
450 595
479 142
833 27
316 8
432 886
923 480
10 169
846 917
83 12
518 311
23 504
508 294
3 110
255 321
798 204
860 678
197 423
4 233
723 118
726 909
119 203
898 181
560 139
875 533
141 37
730 817
92 96
593 144
538 514
463 368
80 499
218 210
112 6
80 223
212 10
228 545
145 896
368 552
327 746
659 784
407 174
595 286
20 2
506 174
420 898
561 411
177 686
739 883
412 421
519 21
757 368
879 66
23 115
902 255
423 615
36 176
339 79
764 67
634 539
903 825
729 681
709 840
749 267
490 159
817 488
574 462
487 460
813 57
238 152
797 406
592 777
360 296
559 264
156 856
660 795
374 62
278 899
922 827
898 700
674 818
536 134
292 940
698 683
482 737
17 749
628 101
175 179
127 177
696 85
180 174
576 412
179 456
920 499
630 23
24 433
397 740
371 866
40 575
649 645
54 801
212 945
878 843
866 71
182 834
377 849
276 930
607 613
806 788
194 6
274 275
291 56
566 897
533 755
919 83
764 452
306 103
925 830
505 854
332 423
871 493
132 662
7 359
64 679
688 873
721 728
118 580
916 137
535 271
588 378
213 614
284 481
374 545
681 7
820 785
163 763
531 562
171 721
920 679
753 453
783 596
164 946
323 413
880 892
16 246
657 22
945 313
76 459
762 522
396 503
835 657
861 570
140 215
514 602
803 609
426 459
894 864
411 556
910 793
793 83
295 56
208 695
683 896
863 859
893 459
548 227
776 764
118 56
869 641
387 322
836 385
165 511
722 42
481 66
561 104
651 689
938 72
473 684
458 141
316 247
219 44
691 795
881 886
290 364
766 133
563 407
504 385
95 643
546 942
753 457
647 823
904 910
264 920
898 348
55 586
941 750
853 380
767 474
348 40
809 458
599 128
657 279
136 475
50 535
885 692
105 27
495 343
355 183
936 220
8 149
296 138
930 879
332 159
272 368
504 418
388 693
304 115
712 261
91 411
714 534
95 648
629 768
137 294
539 826
194 690
482 340
74 146
343 628
271 125
221 802
845 585
716 681
32 610
568 532
267 746
527 55
400 895
696 837
507 112
173 411
116 819
82 383
182 55
407 701
848 711
165 69
453 740
614 551
93 744
189 862
914 811
797 671
700 944
383 98
311 449
146 799
224 251
489 673
500 24
341 130
595 549
553 554
674 47
723 578
504 908
726 311
941 660
655 325
934 488
528 310
870 284
618 902
857 326
513 462
570 40
621 92
388 427
135 273
699 543
233 883
608 92
192 665
913 43
506 796
123 945
543 113
781 926
776 486
648 340
680 165
522 348
98 753
719 76
875 679
484 796
843 548
884 802
344 97
539 155
437 642
145 372
910 488
61 161
258 141
456 264
580 121
738 879
174 596
771 197
30 455
68 509
553 717
434 182
185 414
86 728
749 195
184 433
691 383
506 809
832 230
81 440
163 489
698 610
759 847
805 322
663 327
597 696
66 26
437 586
801 213
487 288
244 470
420 401
814 588
447 900
831 467
298 490
742 575
865 324
465 81
478 130
861 930
191 98
537 335
100 543
20 836
818 235
110 936
60 749
409 272
890 302
516 614
830 661
490 9
719 724
572 298
165 548
945 244
895 783
357 724
441 357
11 436
808 658
842 769
476 365
541 828
54 209
789 894
773 255
531 691
844 763
238 121
728 937
435 706
673 134
633 149
652 855
899 795
598 853
838 525
871 26
549 235
934 138
402 379
216 794
399 266
898 10
49 213
63 790
847 93
420 54
299 888
876 791
660 849
868 542
159 765
538 411
715 865
838 321
111 565
66 203
87 57
701 651
188 915
168 529
301 533
511 705
900 542
648 729
60 626
806 233
596 684
669 869
927 818
304 617
771 212
701 148
39 525
220 771
33 169
120 182
447 309
362 611
224 759
90 530
355 591
821 517
813 132
318 366
566 741
121 411
700 891
665 384
757 945
533 396
78 226
95 543
259 750
211 392
809 205
279 190
222 794
572 227
624 928
180 9
30 400
185 894
620 151
825 355
180 762
453 383
722 601
693 566
864 125
104 715
149 634
738 596
689 113
810 420
292 793
138 660
646 781
895 67
191 383
876 803
38 659
622 49
58 694
706 499
111 706
763 503
308 213
254 244
11 841
152 933
291 418
8 884
243 204
560 186
224 479
875 632
643 544
27 235
124 798
786 692
641 95
833 402
153 624
484 168
731 852
923 475
19 285
764 368
627 811
525 892
88 504
7 624
230 493
119 897
364 29
288 387
121 771
683 460
748 22
759 818
211 725
638 452
422 41
200 535
790 699
461 377
505 24
380 96
397 858
359 633
374 139
57 896
585 830
854 229
87 282
854 6
146 328
657 905
751 411
338 118
868 873
367 857
221 745
706 414
272 733
387 43
891 902
120 516
547 104
784 342
658 562
606 383
937 543
783 836
175 339
511 725
263 520
725 728
550 888
551 686
521 78
800 922
568 903
201 687
4 197
114 656
331 922
324 460
847 903
908 656
85 454
80 173
590 892
436 25
746 426
657 734
271 426
344 346
568 834
30 389
630 810
329 222
778 221
599 871
416 855
665 119
114 727
126 545
351 605
414 437
416 470
176 425
660 671
206 871
423 679
754 391
230 20
450 790
652 157
658 456
542 470
621 181
727 690
349 925
922 355
592 555
370 758
224 186
50 633
721 245
272 126
325 914
434 487
547 688
712 285
414 837
93 228
427 652
560 95
764 814
