1000 9912
470 215
570 129
129 973
889 597
497 139
906 143
431 744
220 953
721 132
426 40
284 414
565 59
535 855
743 976
428 861
178 520
450 805
364 867
327 105
97 696
649 65
152 935
942 958
549 760
198 478
155 393
82 551
217 240
400 304
892 559
514 611
735 931
972 471
832 322
468 150
752 41
255 78
511 208
442 553
780 369
395 981
643 90
477 113
408 616
70 224
127 913
225 137
488 754
269 726
842 232
183 48
899 355
538 33
83 132
763 870
414 380
141 540
804 172
733 66
205 624
284 792
690 311
563 575
58 445
901 903
314 35
957 779
789 50
457 569
422 517
617 987
287 677
864 274
295 158
959 375
63 130
580 120
501 570
826 152
187 39
102 639
215 948
973 232
475 576
696 883
26 922
954 695
298 51
25 665
851 805
592 83
160 3
795 534
246 308
169 880
960 582
799 951
51 183
911 805
455 425
477 657
244 652
522 580
407 202
544 500
857 115
160 269
767 847
658 28
991 408
683 987
577 124
559 196
352 213
579 538
213 888
985 215
70 915
677 137
303 229
257 726
961 471
676 503
967 304
182 616
737 743
39 720
653 399
133 83
429 210
291 177
534 223
330 361
687 311
729 613
501 348
549 387
828 734
465 416
618 230
780 857
853 893
68 219
675 117
917 16
832 734
476 668
357 227
233 45
343 432
355 542
764 930
967 767
406 684
432 236
719 698
979 553
358 614
220 579
410 999
454 752
627 392
556 884
425 398
243 403
560 383
355 845
124 150
53 158
627 313
954 587
606 850
63 277
322 177
342 180
860 689
830 73
445 181
247 201
194 503
199 106
184 321
367 720
173 843
599 389
268 545
644 132
527 201
61 103
246 173
340 34
907 529
255 433
168 115
887 684
620 705
620 41
748 118
634 125
680 876
499 907
69 206
396 50
698 670
802 688
415 103
220 221
914 230
306 484
707 725
581 180
563 857
12 241
914 725
470 330
527 951
320 977
135 245
338 3
504 487
840 321
694 364
642 203
456 74
20 843
242 980
738 608
171 673
872 562
465 396
980 841
1 98
954 184
189 989
834 688
281 560
659 741
155 834
797 655
998 272
216 852
837 670
566 116
716 545
788 438
756 354
603 501
831 368
7 882
253 312
881 759
447 824
497 207
849 81
980 985
357 256
25 592
593 84
688 288
981 677
428 747
782 430
217 408
517 505
218 179
716 406
610 753
385 824
726 219
602 93
15 170
293 308
367 647
706 15
65 189
302 578
527 15
288 156
125 689
365 354
705 973
317 31
543 785
982 275
640 592
476 608
166 236
151 152
361 800
568 434
952 977
421 434
924 271
193 307
800 261
231 351
841 511
514 527
532 836
348 997
799 562
400 2
77 887
746 695
322 891
417 705
700 4
850 569
524 800
139 316
430 781
141 358
248 177
775 747
505 701
90 725
876 468
589 653
41 675
850 187
776 682
500 960
907 128
157 545
917 487
349 741
701 624
923 698
581 970
971 930
914 987
920 164
888 216
263 202
51 960
129 802
665 400
974 394
393 885
176 323
794 106
177 542
34 97
347 234
974 309
138 131
466 756
863 519
630 822
637 538
557 388
501 706
172 934
345 366
855 825
578 260
171 230
670 204
692 268
146 408
384 557
648 938
61 747
890 389
325 694
803 890
18 222
937 460
264 34
429 664
412 490
87 552
274 391
630 498
351 247
875 505
638 155
271 470
773 880
725 23
563 164
450 631
480 12
36 748
628 838
240 911
979 404
389 648
619 909
527 950
732 676
35 556
786 268
787 541
2 319
761 204
247 757
657 505
785 204
552 209
314 748
442 409
558 843
745 704
652 308
361 719
805 786
383 378
578 20
440 609
334 282
391 177
32 744
253 858
131 580
201 368
609 83
976 698
774 525
998 111
555 766
181 491
318 616
279 738
873 471
766 106
380 801
904 31
793 182
111 878
762 831
232 376
621 770
68 902
380 912
276 203
538 738
43 320
146 847
376 567
529 374
949 172
896 40
367 251
828 895
557 343
347 876
394 269
177 907
877 698
627 431
853 15
152 375
382 516
635 904
215 804
330 542
995 256
998 661
285 854
198 537
34 726
218 363
682 218
132 191
412 95
588 224
865 877
772 495
886 965
946 550
985 52
587 472
511 768
630 478
316 786
852 972
126 681
821 983
606 343
787 859
386 832
804 702
827 759
865 440
57 747
888 519
691 100
787 955
255 109
663 218
374 341
905 481
286 731
932 169
454 285
24 998
991 718
460 902
339 47
430 218
452 886
914 607
957 731
984 679
347 983
141 430
442 629
610 289
391 651
642 618
325 290
111 753
296 568
200 84
115 99
138 406
985 777
782 807
686 455
926 470
816 953
732 385
332 823
426 316
64 833
837 586
115 302
208 124
835 41
11 475
621 520
555 166
613 100
726 333
661 478
207 164
78 576
851 960
711 424
803 933
882 982
683 139
842 56
104 362
527 42
235 512
91 612
668 236
431 118
624 752
400 490
787 774
661 801
904 42
613 568
227 501
523 768
943 395
496 466
630 341
957 59
61 102
889 349
306 79
967 390
848 534
830 906
979 332
743 479
433 336
624 45
722 389
71 482
737 770
258 157
386 70
526 306
287 282
127 987
883 665
650 794
287 171
295 652
483 948
638 316
224 660
158 815
654 688
16 772
469 950
328 54
849 404
705 598
980 550
237 671
1 97
111 890
662 382
354 925
560 208
462 464
45 280
157 382
492 883
536 281
510 508
148 103
612 524
205 82
544 804
322 963
375 934
211 961
394 227
927 799
306 983
908 945
35 134
976 831
793 287
122 643
696 718
72 360
627 502
955 575
594 277
668 524
171 108
811 499
924 981
821 75
143 115
994 529
133 73
9 123
234 934
290 628
632 749
879 595
817 877
921 875
84 511
465 376
40 893
703 478
167 457
339 683
312 625
701 233
574 329
153 563
460 665
670 828
307 310
734 115
19 618
496 333
683 691
10 895
504 840
819 403
897 557
115 622
465 547
682 73
386 538
818 540
130 39
349 81
611 930
980 788
872 881
634 368
72 889
275 956
963 406
56 757
558 121
997 679
230 222
214 691
694 329
662 171
478 792
7 34
762 804
928 769
106 491
487 602
825 639
272 521
385 302
224 882
693 432
766 222
509 879
111 15
668 882
160 601
203 541
539 369
817 461
450 238
569 348
823 723
113 872
789 879
518 103
721 105
405 253
246 766
29 42
447 239
323 277
90 40
753 344
589 50
517 789
320 573
601 604
468 621
175 5
626 57
899 749
95 846
846 530
61 746
373 552
997 430
854 41
469 5
74 631
131 156
113 219
574 952
556 611
425 231
118 276
635 186
786 216
312 815
97 559
294 963
960 747
942 559
669 781
411 37
438 375
960 282
302 313
468 33
655 383
143 523
256 48
210 552
744 624
286 877
657 111
966 243
967 334
921 530
278 145
779 988
32 523
714 251
649 620
600 254
141 312
118 754
529 855
306 456
22 139
898 4
392 909
709 70
783 927
254 125
671 926
230 250
195 8
629 768
872 523
507 298
626 518
977 432
428 360
710 594
551 986
807 428
538 739
959 369
319 22
51 844
52 435
824 460
769 477
509 740
186 313
124 29
953 25
2 255
117 836
303 467
547 593
587 620
824 298
928 630
65 858
393 195
414 619
164 666
340 492
572 250
759 475
797 186
748 584
345 107
678 871
557 628
274 89
772 488
584 904
338 695
41 28
117 297
979 450
382 633
472 384
628 859
635 277
47 387
583 205
217 492
736 588
607 219
386 99
981 498
710 208
213 600
72 580
509 497
438 951
192 301
780 486
174 109
947 246
804 492
254 447
515 83
499 308
410 271
785 457
383 750
477 373
102 66
819 534
803 189
182 170
310 415
24 308
91 364
110 568
970 569
275 613
2 759
463 749
760 109
724 520
430 663
785 644
738 700
462 356
432 791
569 698
111 602
647 427
150 641
959 405
674 7
949 143
16 741
439 83
459 447
981 542
199 433
350 551
540 531
133 963
941 940
910 645
682 812
961 371
422 114
319 718
105 694
200 862
679 350
288 935
721 492
830 222
811 452
411 124
783 204
217 189
695 912
627 966
906 714
311 588
807 587
297 134
528 518
446 545
72 642
658 249
93 308
80 673
652 415
202 412
19 702
974 726
114 832
301 344
879 683
122 343
346 645
218 930
148 701
991 557
580 728
836 610
550 740
220 223
457 187
176 93
559 286
513 434
718 501
866 696
984 964
999 500
605 93
823 10
571 213
555 680
996 590
906 850
858 626
868 512
996 477
747 389
155 396
988 873
739 16
301 880
854 582
548 449
452 446
69 709
11 361
750 262
487 868
113 835
591 594
760 726
635 962
727 441
731 87
553 859
932 838
38 797
129 535
702 372
284 437
568 392
971 341
216 402
566 438
790 890
863 336
798 709
744 740
732 462
810 255
756 855
557 866
924 107
565 375
273 95
956 692
264 607
725 113
624 876
348 548
830 980
559 254
209 926
84 222
387 123
568 291
92 545
774 987
956 922
121 87
250 309
418 521
606 78
3 161
672 475
596 224
667 650
268 11
81 722
995 578
534 650
84 803
725 132
348 104
899 264
10 545
871 124
841 57
71 884
37 548
965 152
110 513
444 932
974 238
702 724
495 62
650 371
444 239
700 454
928 881
160 747
214 402
91 453
76 407
777 588
531 573
623 832
960 556
502 520
618 353
109 362
26 942
155 590
259 255
780 679
20 284
756 614
226 569
831 116
602 140
422 43
62 2
815 448
216 366
259 730
912 147
317 432
744 964
855 944
453 965
161 684
382 654
278 453
669 780
602 337
450 706
549 886
531 215
520 68
978 768
407 16
778 900
268 378
269 15
861 597
933 120
283 415
417 897
143 955
644 892
974 671
885 960
763 428
982 910
141 166
418 557
793 719
791 108
379 960
250 440
947 338
326 893
89 370
516 453
130 8
314 861
847 437
64 297
728 803
639 55
162 665
749 947
420 321
775 713
588 293
690 419
182 207
702 918
738 439
791 419
760 227
826 414
392 797
837 417
327 855
328 79
8 845
371 51
244 291
618 16
506 790
215 226
396 568
695 180
203 730
898 470
993 988
6 187
278 572
819 840
438 310
712 179
821 383
676 598
920 928
115 340
890 850
11 433
488 418
290 360
111 256
920 975
596 928
483 361
428 542
105 447
103 924
18 286
476 998
34 416
48 521
485 556
142 967
958 101
541 3
212 655
506 428
161 735
746 803
222 288
722 856
355 129
263 914
501 477
200 946
592 372
60 442
304 876
781 502
434 637
589 990
674 646
731 603
511 915
576 920
805 65
682 284
895 311
264 397
952 215
140 288
362 464
14 761
696 400
679 348
832 208
102 406
783 687
589 992
329 122
828 4
116 278
386 443
103 56
909 197
568 569
628 745
903 491
671 863
675 280
409 842
879 536
776 661
846 728
999 467
714 321
13 994
794 473
63 636
49 166
127 613
440 549
955 198
519 441
888 163
427 865
855 353
399 463
720 556
607 956
679 301
121 677
285 500
949 797
700 604
846 143
594 412
775 241
172 842
671 288
413 80
307 725
237 876
399 237
811 165
918 667
685 644
209 203
301 763
195 392
233 733
143 232
695 559
309 144
402 850
789 678
95 129
741 189
190 141
997 259
776 57
30 346
181 982
511 627
412 320
574 791
721 193
298 18
962 45
457 572
553 536
860 652
458 476
590 477
739 805
208 811
925 328
104 364
947 816
35 938
930 574
661 702
22 676
919 430
367 733
616 199
65 71
835 615
929 766
535 638
994 476
723 646
339 657
783 380
819 32
182 809
207 397
222 62
815 984
988 487
987 548
87 816
369 555
210 753
550 400
835 786
984 504
948 595
878 916
348 871
335 295
407 830
268 96
400 936
532 897
705 467
335 8
266 513
534 254
165 585
439 126
671 819
68 260
140 953
306 401
418 823
37 527
956 315
704 260
447 672
931 111
913 520
127 648
555 458
283 816
616 625
784 379
548 236
186 45
444 869
48 6
324 467
845 815
422 576
119 526
300 356
214 486
877 606
772 990
703 806
209 166
266 423
472 624
487 871
163 565
129 997
24 205
531 766
219 378
864 629
781 890
177 802
416 230
312 55
294 251
77 713
8 464
979 314
172 739
801 245
621 268
588 219
754 175
424 672
441 518
80 322
669 950
584 626
839 490
566 550
496 18
117 718
908 673
527 185
86 347
462 631
677 364
583 118
549 802
752 178
903 879
356 836
819 100
678 281
844 753
859 812
571 564
496 734
387 257
740 945
192 231
650 964
781 113
361 720
490 500
932 227
538 160
808 17
793 867
25 265
297 556
953 801
598 674
175 599
733 457
36 143
384 440
700 246
741 974
616 925
269 575
533 978
629 185
286 322
112 763
591 253
912 117
673 576
301 895
642 861
133 582
650 368
776 907
572 525
620 769
669 421
627 39
831 145
708 236
341 901
108 912
419 699
773 296
480 955
545 473
765 382
858 128
974 931
215 797
773 45
578 259
150 936
692 271
431 357
488 357
752 530
772 359
226 681
982 80
660 732
368 410
114 370
481 605
423 598
174 552
467 542
985 477
843 907
271 418
170 307
430 257
35 755
307 118
38 506
725 20
598 258
14 371
397 89
292 369
919 180
486 139
584 966
252 825
166 489
888 605
304 574
182 563
59 292
419 350
153 815
995 528
853 658
1 483
476 139
45 922
466 113
984 718
146 65
534 166
850 267
297 665
392 911
652 734
370 612
885 259
723 472
148 619
34 335
92 249
93 848
444 702
440 761
109 875
305 497
225 153
223 551
241 677
461 238
688 62
786 503
46 952
927 977
677 910
76 267
719 595
435 165
891 930
423 271
603 58
570 161
756 724
165 116
100 16
863 757
539 707
741 233
688 491
453 553
603 216
147 402
827 895
568 420
798 178
521 46
425 193
485 4
843 951
442 772
209 827
565 430
113 295
705 59
173 517
853 483
249 80
987 974
624 4
752 73
145 381
53 796
257 603
828 150
611 798
319 223
408 729
350 451
758 460
838 27
373 655
268 204
239 587
330 405
821 687
921 270
392 722
706 984
269 758
642 112
992 245
940 877
188 906
233 247
932 281
334 23
391 948
31 477
215 272
628 63
902 320
855 352
488 850
140 587
440 661
537 233
721 772
685 993
209 40
82 310
404 423
319 52
267 985
641 244
806 526
552 953
931 422
243 486
405 571
102 543
103 818
255 795
20 358
827 927
449 276
468 560
363 682
727 283
221 776
699 664
264 927
48 566
644 354
493 948
433 649
87 636
859 165
868 279
526 245
268 733
621 73
914 107
394 452
831 236
260 137
869 441
419 836
535 750
916 860
795 133
207 977
321 798
878 554
165 901
258 233
151 86
526 390
529 243
788 792
644 708
258 11
442 348
116 363
303 596
579 9
908 81
638 464
362 215
625 731
225 181
488 513
141 463
1 324
226 422
164 302
29 622
309 654
112 720
702 943
242 240
327 503
824 825
129 169
409 713
391 809
621 822
432 166
819 786
483 230
789 118
441 656
392 564
452 440
146 639
497 785
134 228
427 106
302 906
68 872
786 559
266 903
777 816
502 605
379 130
953 87
169 576
920 776
338 937
461 408
488 266
397 624
759 492
726 223
674 890
960 531
125 261
365 350
846 727
498 577
728 414
10 190
69 618
568 455
517 498
23 361
208 566
869 943
122 36
66 238
136 290
728 188
262 82
486 668
400 247
520 306
453 126
58 622
594 620
418 957
31 849
288 715
914 531
59 136
121 183
822 535
263 104
364 128
173 17
999 290
736 69
989 239
847 241
261 766
79 155
118 186
410 500
451 256
567 246
37 691
811 544
405 191
963 381
254 806
782 123
577 823
816 73
211 625
430 717
552 595
363 321
318 338
689 302
798 216
180 663
162 166
716 577
39 236
172 787
637 193
786 531
734 869
401 567
940 264
637 178
341 885
461 74
418 510
699 595
959 141
402 344
251 104
554 297
752 154
813 265
941 771
452 80
269 474
472 794
593 342
354 194
963 612
751 525
94 256
311 731
464 541
938 829
544 92
88 72
790 465
649 951
652 466
959 726
321 710
527 946
972 631
59 438
245 47
935 831
962 576
412 938
306 229
967 396
387 380
26 36
279 314
597 811
211 96
780 593
309 947
878 828
735 733
352 410
560 607
244 152
488 714
31 218
917 253
714 472
974 814
210 107
750 785
785 627
514 83
405 98
275 363
449 850
986 311
250 779
569 961
141 616
272 473
594 148
922 431
689 104
543 93
180 597
346 381
147 388
534 368
148 171
189 769
297 971
393 772
858 464
552 591
475 896
992 278
132 615
794 463
346 159
992 567
693 179
623 54
312 146
864 591
303 476
821 31
768 133
950 701
595 636
424 603
777 217
142 674
450 915
848 226
5 435
982 125
381 890
852 601
464 618
601 863
564 85
142 231
812 875
445 398
216 508
545 800
714 937
285 207
459 830
776 204
214 223
49 574
153 1000
524 553
905 569
990 212
313 966
923 141
982 936
197 416
308 847
295 791
633 938
373 367
430 222
178 335
822 556
992 775
809 439
187 487
116 391
175 526
159 892
130 157
177 414
698 489
183 128
900 824
773 9
484 385
102 976
338 35
897 982
681 943
132 805
224 846
23 680
980 637
822 104
626 553
706 430
172 181
814 277
876 418
676 741
20 1
288 859
224 684
189 662
914 643
76 296
81 390
107 314
255 794
309 158
4 684
678 823
394 444
604 613
178 634
469 73
553 542
807 913
63 353
296 384
78 870
339 546
375 288
503 495
450 665
18 949
352 919
683 941
498 685
32 249
639 77
472 496
491 444
113 450
222 60
889 353
766 953
194 695
193 475
782 813
641 943
469 638
383 472
8 79
495 754
888 662
227 548
526 310
415 477
753 540
754 958
314 787
274 405
426 841
690 406
528 453
537 313
707 617
465 374
600 471
728 652
693 646
659 778
568 821
328 58
892 398
112 721
276 314
851 326
410 512
987 262
107 600
157 466
871 904
470 995
348 459
278 580
78 228
924 668
10 76
967 734
418 249
4 610
149 391
777 934
100 459
446 219
29 977
880 10
768 47
551 876
263 670
483 338
611 69
927 569
755 350
574 678
560 272
542 384
229 907
195 759
693 28
934 350
117 938
133 181
706 153
651 568
583 701
325 733
39 271
226 882
942 932
526 78
143 285
19 291
627 566
921 879
377 375
69 617
986 987
880 362
915 349
807 667
4 196
226 84
652 600
670 657
783 338
340 2
454 44
554 886
38 303
900 414
278 286
136 291
856 114
729 228
88 28
311 450
421 270
926 805
552 250
477 103
856 144
784 925
586 25
35 277
224 202
940 528
444 455
211 52
957 397
982 835
126 161
720 938
23 925
84 669
880 532
76 861
920 29
137 935
50 940
92 23
419 353
276 478
816 251
68 24
215 219
110 503
534 341
775 21
295 74
615 346
873 399
180 737
733 907
826 31
111 11
359 466
869 219
907 498
271 891
203 529
543 303
301 688
772 579
851 670
160 827
68 556
403 401
422 479
838 855
604 557
882 907
555 115
95 842
613 777
104 279
469 1
284 186
530 190
947 432
255 641
346 623
408 946
705 940
333 931
946 398
397 454
437 965
442 432
942 674
655 379
70 937
507 513
473 913
23 509
601 397
675 946
14 736
198 13
917 977
535 390
247 473
810 387
188 19
45 758
466 333
429 855
527 546
794 191
961 902
683 638
965 950
509 346
559 354
193 685
508 534
609 229
202 693
462 195
407 582
175 730
824 916
272 331
989 242
851 145
176 951
741 909
124 597
840 158
609 455
846 404
462 166
461 906
634 626
85 878
360 291
360 697
826 64
239 245
96 365
296 762
672 592
351 394
435 647
590 8
242 906
309 26
11 293
431 948
452 497
128 455
863 977
494 12
167 94
595 421
470 245
56 809
241 211
467 881
284 329
100 855
569 493
471 661
773 155
945 246
703 94
373 615
284 504
716 492
569 94
436 163
904 213
423 999
687 554
962 119
949 363
327 75
166 79
694 577
74 630
484 614
382 681
626 315
250 695
226 941
356 568
838 748
702 998
731 604
792 712
134 779
109 250
340 20
88 37
86 496
770 468
511 109
222 208
635 297
14 764
201 987
574 404
297 328
726 563
272 122
468 834
771 80
3 250
81 654
188 166
705 500
64 508
249 944
693 911
896 687
804 488
610 331
315 45
135 894
514 133
988 204
40 260
119 912
743 122
410 442
293 109
31 78
417 494
491 573
495 157
337 343
46 649
140 758
571 58
76 756
816 131
376 890
162 13
203 763
525 630
105 237
582 617
976 840
115 388
578 564
389 435
413 45
806 524
314 402
902 243
725 948
670 578
194 188
216 668
233 706
752 894
570 835
366 486
830 273
609 291
337 205
322 24
105 408
927 725
659 139
364 643
679 116
294 210
385 726
829 581
201 765
503 200
929 913
161 271
22 712
750 555
754 281
645 70
728 229
598 110
964 780
325 538
416 810
532 584
934 108
192 833
230 905
247 997
32 250
658 98
715 31
643 458
904 958
221 379
24 809
905 596
728 81
515 917
607 315
594 646
294 632
758 189
875 115
126 315
970 901
130 92
880 632
996 901
635 374
185 692
371 289
197 165
991 975
776 692
197 319
470 518
514 24
552 347
861 463
148 270
556 387
996 586
671 82
881 159
824 827
309 317
572 757
205 508
871 907
712 16
766 167
605 397
608 193
958 533
650 298
890 951
986 322
589 295
850 789
445 559
651 972
411 611
764 819
301 587
985 522
663 237
492 526
850 676
320 679
911 167
309 241
347 418
795 694
8 324
669 145
449 502
985 292
927 713
363 648
604 586
200 640
165 402
111 426
773 211
705 677
833 360
85 203
553 633
351 8
264 12
60 398
920 599
118 188
950 273
898 510
808 472
56 285
136 341
190 744
66 906
486 515
88 966
490 590
566 839
786 3
134 979
553 53
395 942
359 497
842 29
424 900
295 841
724 25
526 275
529 221
107 489
344 933
257 772
266 544
865 239
639 31
948 848
182 372
516 636
849 713
166 829
866 825
955 62
605 12
897 883
404 805
442 80
478 882
233 584
926 742
68 138
340 631
859 641
16 869
880 612
115 177
979 792
802 803
984 898
343 385
932 674
1 64
241 635
665 489
513 45
826 28
699 774
464 181
301 542
655 627
470 895
668 302
668 766
906 39
835 87
234 594
532 93
402 774
220 513
350 592
65 960
122 531
824 275
512 936
920 870
65 881
816 663
66 42
279 179
199 266
55 870
886 576
192 636
100 861
686 956
673 483
657 550
397 739
659 48
754 206
901 147
318 979
725 319
946 572
543 866
264 102
397 372
454 879
990 845
539 571
22 611
866 585
65 12
654 100
268 743
238 545
848 949
499 995
5 640
446 530
765 784
416 705
350 773
757 864
294 678
667 408
192 56
579 692
528 578
305 767
787 547
289 64
541 528
84 109
54 589
813 752
853 671
265 272
138 713
260 242
510 18
257 798
684 611
432 292
715 611
917 291
934 707
520 531
758 903
637 320
979 982
304 238
819 513
987 419
235 454
510 204
956 510
426 657
723 477
634 512
277 454
470 590
73 304
584 132
750 625
896 256
368 799
55 273
662 315
21 417
884 255
154 578
324 278
108 385
63 139
674 508
159 612
110 242
402 731
976 252
869 79
686 655
963 6
746 410
802 408
54 501
459 359
121 573
213 348
161 497
740 718
274 176
259 540
522 922
7 598
743 537
599 152
682 413
949 505
396 987
83 817
364 77
986 894
878 320
570 625
844 112
702 18
133 285
856 670
113 459
655 440
986 586
576 621
286 912
648 999
718 951
213 885
754 551
363 168
611 178
314 791
979 438
942 302
161 799
463 790
451 670
822 947
951 725
790 221
560 750
995 561
181 140
193 543
712 569
305 965
269 866
54 728
129 311
991 581
101 595
757 851
149 941
336 620
962 976
763 795
537 460
591 1
168 617
850 125
633 379
944 506
563 608
712 870
529 592
713 600
275 616
93 689
461 941
906 778
980 639
467 157
693 578
732 488
860 213
437 132
292 665
543 448
536 434
955 440
963 85
655 939
929 253
826 327
51 732
802 444
678 587
436 98
863 581
918 658
468 563
990 600
76 8
955 759
463 760
959 199
617 500
241 261
213 481
964 623
416 77
694 656
783 607
852 520
138 566
892 281
549 552
217 23
588 2
916 633
739 182
718 748
939 424
905 232
48 791
433 543
307 2
736 912
933 218
290 844
807 753
425 947
557 906
778 969
857 80
550 93
454 198
757 951
881 334
351 858
724 288
9 541
982 744
14 302
297 282
652 404
725 186
6 701
766 526
144 131
308 958
827 902
874 407
913 849
439 47
790 249
297 564
864 368
865 41
872 795
927 449
556 493
598 868
861 462
292 991
379 603
630 742
55 296
243 56
723 258
465 22
581 864
195 189
129 223
764 989
825 839
953 378
590 65
920 109
171 469
389 406
247 358
584 442
290 317
110 170
275 467
765 657
719 532
977 157
184 929
825 33
740 180
147 122
190 60
172 735
29 354
892 206
142 899
548 898
574 902
924 241
359 556
382 663
551 434
759 439
682 47
739 210
616 295
528 953
66 792
484 575
30 999
456 868
829 751
8 129
532 312
446 631
947 46
843 193
369 634
674 963
795 98
725 237
197 832
870 629
140 228
944 582
942 465
505 356
456 288
149 771
685 465
151 341
508 311
383 732
81 614
921 889
883 409
236 825
866 601
685 243
963 465
429 309
127 680
457 948
333 217
585 432
241 634
21 396
884 228
427 941
489 372
915 624
220 764
775 164
100 282
427 58
584 71
689 102
641 128
238 392
284 926
647 494
741 31
281 529
964 370
243 488
14 473
436 90
772 732
39 463
428 310
326 415
411 876
85 381
160 172
824 131
405 815
492 273
511 567
493 1000
208 856
963 728
621 492
878 421
877 617
113 221
208 759
200 923
535 589
807 808
942 561
825 505
423 688
924 507
871 971
195 785
326 453
567 183
365 609
826 917
23 511
80 735
534 708
818 805
800 312
434 116
734 81
598 480
805 429
508 818
944 610
690 122
509 344
628 658
420 511
80 908
908 20
747 4
328 150
899 363
172 287
451 336
738 67
241 772
992 92
903 160
816 266
636 585
875 745
970 527
699 71
536 488
812 222
870 44
507 301
233 57
424 604
327 995
314 154
25 805
776 939
842 724
702 580
578 558
435 128
817 402
677 906
772 914
719 607
997 153
747 878
553 773
38 975
739 558
596 941
668 626
579 57
974 734
755 280
424 606
955 746
281 783
752 562
803 910
643 677
482 319
155 335
941 868
526 653
648 220
976 313
748 981
211 792
821 943
127 488
882 655
739 234
191 635
605 960
145 87
936 358
350 24
795 189
395 523
412 747
724 380
699 575
123 639
343 806
605 399
507 668
895 7
738 16
4 444
689 636
373 251
32 557
933 377
340 348
421 597
188 160
638 440
140 3
639 65
607 487
150 236
837 110
527 365
295 630
410 440
563 754
732 203
272 425
534 49
495 159
776 873
928 976
102 983
733 815
864 371
99 815
267 255
896 237
751 319
195 81
911 431
272 742
529 828
347 572
157 181
907 330
206 738
281 713
102 531
360 78
15 440
274 59
761 902
228 647
426 89
195 284
130 129
416 223
147 97
513 544
532 260
393 225
640 302
772 315
107 482
696 117
649 829
256 726
846 767
869 550
999 763
605 832
588 914
626 349
184 312
294 781
723 653
905 376
190 754
646 579
987 393
164 489
934 253
633 760
246 165
619 957
344 173
142 480
329 319
899 231
542 103
698 450
887 676
688 934
532 799
538 476
939 887
743 293
503 812
881 63
477 177
885 52
429 46
747 63
92 488
183 963
277 138
6 568
707 733
42 155
159 106
475 257
2 947
538 97
614 316
745 419
85 962
125 449
336 728
872 570
79 631
766 90
767 999
181 448
328 908
266 78
505 884
931 368
607 927
208 305
280 94
211 657
980 771
976 822
765 484
604 806
570 242
449 939
971 506
113 982
534 904
5 214
229 904
627 899
285 870
489 987
551 79
113 935
204 122
199 177
19 183
355 79
963 652
748 910
605 819
145 253
200 864
717 901
294 990
743 645
782 67
216 182
126 665
277 889
925 585
914 218
809 48
866 163
938 724
135 764
317 249
213 824
343 889
605 582
296 44
973 974
886 81
409 339
338 411
176 578
455 540
741 791
443 956
671 764
969 404
533 763
326 779
516 495
865 219
918 79
480 167
763 740
770 78
845 650
383 735
408 307
887 863
505 581
607 588
991 813
297 817
294 385
290 154
883 265
884 118
334 83
48 72
249 569
358 373
742 207
184 715
708 459
980 688
875 554
162 51
661 91
811 962
918 634
388 529
688 23
546 173
569 756
732 320
965 858
55 557
996 221
997 100
548 626
381 415
536 26
275 494
955 592
631 483
974 365
213 326
102 583
665 555
540 593
177 924
923 135
178 686
882 902
299 690
228 276
467 692
345 16
610 540
312 839
852 577
924 214
908 755
247 137
393 394
151 839
193 245
217 255
970 263
734 308
900 494
114 593
188 456
575 684
961 200
601 97
236 444
1000 18
136 706
838 417
454 414
738 13
746 512
384 684
340 465
895 161
474 847
511 168
740 850
300 967
898 108
560 277
801 931
434 652
989 94
222 567
500 869
561 383
638 383
571 486
805 636
202 515
352 252
25 10
48 229
715 835
426 558
832 549
638 89
140 604
241 613
888 252
962 543
559 931
582 512
876 422
492 690
77 72
704 670
815 942
376 575
507 279
863 978
997 152
983 469
198 887
219 264
954 717
190 155
393 123
329 885
481 914
217 904
440 169
868 233
599 267
820 84
569 204
352 784
350 255
160 23
777 447
279 566
598 195
575 371
633 181
166 300
761 406
390 880
435 317
407 931
672 272
202 99
520 836
580 860
173 290
572 168
75 576
115 559
352 459
435 41
820 491
603 770
784 984
288 759
456 377
120 966
124 918
380 520
72 809
897 776
771 883
41 594
206 180
118 576
943 529
547 216
909 929
966 658
366 910
444 744
854 851
803 57
949 581
77 361
923 905
595 181
101 132
980 633
253 457
827 262
385 367
685 988
64 604
453 680
162 460
332 815
674 285
324 667
841 567
492 549
556 990
3 998
961 15
301 757
712 292
986 399
186 599
61 585
498 229
291 589
907 541
431 683
397 583
787 451
93 425
464 300
686 907
428 655
148 180
342 205
109 78
630 528
856 717
587 367
289 416
56 405
203 102
757 659
134 712
639 595
394 877
56 260
972 306
683 929
354 121
999 587
545 960
813 907
550 83
383 230
776 236
19 516
395 566
283 349
377 42
473 995
607 292
59 498
390 638
463 888
908 255
32 586
969 511
736 478
665 375
353 898
649 685
942 42
376 477
837 176
664 666
421 985
962 899
282 305
620 855
714 284
606 774
367 278
166 871
542 558
870 139
589 625
465 507
177 271
875 688
186 55
6 234
641 9
290 89
592 569
135 291
911 330
736 769
146 632
976 251
508 102
722 327
690 937
356 978
588 412
91 156
898 698
186 760
849 72
959 7
873 834
341 860
566 367
569 441
137 37
29 207
786 970
453 782
544 760
412 104
492 190
189 568
127 466
808 588
346 663
497 289
564 9
838 664
450 761
518 590
334 843
283 27
568 443
566 858
736 813
790 462
256 977
792 771
870 664
763 296
787 520
292 426
800 696
494 976
795 21
892 22
549 14
164 236
383 504
32 652
635 930
843 446
891 284
139 311
103 126
286 426
303 520
876 446
662 65
724 250
192 411
352 697
363 679
515 289
665 204
940 818
268 824
977 880
535 831
27 489
923 693
194 575
357 209
751 257
648 897
63 771
873 115
396 994
719 724
251 656
930 422
698 465
439 653
354 667
406 938
859 78
693 777
185 115
996 173
264 894
951 685
907 724
531 800
548 706
825 67
683 45
194 18
716 496
843 675
699 711
463 690
544 260
385 908
190 937
908 748
687 807
18 102
991 25
216 147
566 695
427 455
536 582
387 52
304 726
268 369
288 415
112 115
352 706
316 101
887 766
840 887
959 891
568 710
472 347
302 602
923 164
11 558
230 694
943 712
991 931
629 468
386 6
207 98
905 738
875 60
412 982
165 698
633 2
575 867
836 929
740 333
804 71
201 467
970 811
870 192
384 265
224 968
779 400
29 593
741 681
788 674
585 932
300 4
693 619
306 693
860 204
953 470
826 76
276 109
617 961
230 166
932 592
862 785
756 316
519 112
228 245
944 142
711 776
713 583
772 924
369 265
915 516
858 33
483 257
898 866
851 702
1000 4
681 814
358 850
252 433
165 454
717 153
593 395
905 23
445 822
298 526
838 951
393 340
506 439
514 904
108 295
215 541
74 659
56 506
476 771
317 493
579 998
152 61
86 298
415 928
679 259
832 410
655 368
601 211
834 351
109 796
476 545
904 902
175 209
730 408
696 296
364 238
667 121
862 826
783 519
643 240
610 101
684 796
478 269
250 372
73 149
611 917
745 683
227 663
782 628
809 442
370 672
157 734
691 4
656 35
395 201
767 239
288 871
534 68
58 261
372 165
608 987
65 267
232 447
158 843
529 597
289 680
452 172
261 578
746 72
215 159
896 239
238 356
741 371
172 178
907 417
896 158
381 356
367 177
251 856
416 499
399 234
976 219
149 479
834 729
313 965
855 205
622 296
881 338
988 594
129 515
795 686
423 161
389 81
12 208
367 819
878 223
248 928
655 251
423 253
553 513
700 976
900 242
498 964
27 358
579 821
86 199
877 72
493 831
209 648
374 194
378 1
285 595
434 303
373 955
501 118
261 898
841 457
537 960
3 60
22 776
575 628
154 114
377 41
268 392
681 417
663 241
169 341
753 557
132 859
301 336
283 717
191 972
322 877
396 174
697 847
537 738
974 585
546 848
452 851
951 427
475 402
258 436
116 480
941 145
504 386
713 114
162 728
399 741
296 654
279 607
196 495
567 232
948 926
594 198
150 488
300 61
11 50
432 205
513 340
823 947
92 191
86 45
300 460
820 683
750 556
767 630
573 793
261 311
135 290
582 182
507 353
73 559
699 879
518 225
669 331
802 108
239 660
57 35
494 200
793 407
943 578
357 368
858 183
472 998
667 970
664 484
612 506
996 25
191 249
998 763
857 501
786 971
894 952
346 882
366 369
424 536
100 165
617 469
809 277
40 584
863 344
97 681
445 239
765 794
951 805
807 769
167 422
482 84
100 923
763 792
680 519
574 231
805 433
257 763
75 860
207 363
96 992
343 891
344 139
473 553
546 914
601 293
344 826
666 363
173 361
746 701
303 666
642 272
58 731
701 819
850 399
102 288
858 898
527 747
536 747
883 493
849 717
465 708
547 258
695 931
883 410
421 845
153 487
728 621
567 204
696 212
258 698
261 521
832 731
490 743
196 82
15 574
72 64
881 990
864 236
718 251
557 958
498 358
569 649
641 20
570 434
440 339
218 629
155 824
872 310
270 539
534 584
99 583
281 534
273 614
74 897
21 732
61 543
754 601
962 330
88 611
163 793
171 208
545 67
284 401
584 695
645 299
706 246
119 47
658 373
507 841
94 976
847 859
920 520
541 168
601 837
731 710
91 679
632 897
410 738
691 372
947 926
680 739
421 459
973 654
675 808
861 941
202 250
19 544
973 799
783 546
352 690
683 662
394 905
45 753
46 186
767 404
770 782
702 601
258 90
166 627
353 88
919 205
603 824
805 792
440 836
348 981
359 87
814 46
638 274
256 915
469 787
476 49
198 243
215 404
20 678
44 220
542 615
389 729
98 833
318 534
284 898
729 929
659 694
366 770
832 598
444 804
928 661
642 939
807 423
20 107
186 351
149 329
133 820
145 365
690 927
633 807
125 858
271 858
387 371
319 110
945 555
652 147
750 454
539 811
462 930
835 196
837 894
640 470
916 259
597 450
209 385
691 517
303 331
656 832
401 311
690 131
374 696
801 182
624 639
522 120
506 634
747 840
83 930
688 704
412 448
221 624
246 45
302 499
766 820
202 505
634 138
687 900
246 92
951 563
496 319
919 209
795 47
192 24
356 795
675 597
378 831
758 210
334 674
120 866
874 447
305 872
219 750
715 293
41 23
97 14
791 190
334 717
197 59
485 508
334 380
547 333
115 847
336 608
473 412
215 440
605 112
607 646
741 656
561 490
444 746
233 137
111 872
537 65
800 798
703 596
980 635
894 449
293 880
419 397
405 866
198 951
215 15
593 187
722 353
215 981
228 383
510 827
804 109
886 738
318 78
48 606
178 741
640 434
40 734
60 641
264 902
856 544
477 552
740 498
959 848
109 44
930 978
532 486
666 848
652 803
883 403
485 810
400 484
810 147
407 227
251 485
735 95
22 926
924 318
874 753
857 965
839 173
922 779
460 766
210 745
227 733
671 628
66 581
991 647
651 332
318 639
232 960
270 833
453 20
610 505
595 279
814 247
323 568
235 356
112 489
477 319
883 256
999 414
215 495
568 844
474 551
36 226
672 236
757 408
667 896
121 602
783 990
757 265
206 1
543 130
581 987
139 120
529 560
181 461
148 250
388 681
577 812
615 300
694 133
253 491
864 176
936 733
833 807
834 536
279 526
747 525
842 747
919 913
370 24
171 457
190 375
962 500
690 935
730 840
416 272
15 360
769 284
272 852
935 395
774 15
137 634
428 591
466 662
237 217
665 588
201 754
318 106
177 858
915 20
989 923
648 953
959 231
798 675
256 518
166 57
792 504
367 648
795 939
189 376
62 254
669 910
35 846
71 367
83 602
361 191
302 440
168 734
161 520
71 5
551 319
633 552
170 726
632 981
796 166
209 772
1000 537
285 679
568 445
531 307
662 539
312 635
131 193
464 854
505 14
144 852
531 416
993 289
496 327
300 591
447 776
782 787
608 141
269 964
435 484
273 257
738 215
699 806
780 464
230 283
378 742
258 486
847 472
150 56
79 66
782 557
600 266
822 665
895 381
609 54
167 620
757 380
906 748
154 841
50 934
755 855
498 276
336 711
63 956
904 594
396 525
56 582
898 459
883 187
538 866
334 193
817 281
91 476
510 518
779 165
652 432
635 520
462 724
526 713
894 763
855 13
946 836
838 830
431 764
573 119
683 47
498 811
688 455
525 815
577 380
354 362
852 733
194 387
692 390
169 558
109 20
463 557
946 569
285 617
182 975
381 960
620 182
296 350
848 795
977 697
83 630
454 243
716 226
593 617
354 63
265 598
58 811
131 61
10 793
322 803
839 778
571 616
387 357
634 440
338 269
663 378
359 97
676 165
309 956
148 638
573 299
667 810
705 403
559 360
963 894
874 378
508 556
310 286
724 792
482 671
82 40
991 968
836 833
487 739
492 911
850 563
431 845
668 906
924 790
90 990
56 610
179 540
385 256
319 139
105 251
470 813
823 875
963 124
637 13
51 854
135 526
54 351
612 349
492 368
808 970
474 194
705 582
461 456
14 538
755 284
982 5
529 989
957 560
111 489
204 189
946 586
416 917
454 829
956 535
518 746
308 389
925 748
449 211
967 113
398 148
498 640
948 290
914 142
610 769
444 65
320 223
406 542
844 674
458 101
562 992
27 984
155 143
986 703
532 775
120 747
980 81
874 444
377 252
126 257
897 611
715 292
787 691
961 612
232 884
213 735
269 669
991 576
25 457
392 964
961 533
871 46
73 259
175 535
343 753
254 52
2 939
511 431
205 752
28 891
50 927
822 321
68 862
704 416
390 477
764 720
470 623
695 98
589 475
606 587
867 873
796 1
154 235
30 135
55 368
224 820
209 32
928 690
110 288
927 195
223 515
519 86
189 687
959 415
281 604
11 327
803 784
332 185
59 810
206 742
888 856
450 44
661 370
8 686
88 604
471 414
161 400
380 284
203 829
869 320
166 910
602 77
790 852
498 962
286 7
621 432
549 723
363 448
569 237
368 474
798 180
167 444
905 275
85 19
268 725
453 766
568 51
566 706
715 995
401 60
717 622
378 931
683 930
922 630
868 494
796 67
541 430
491 437
2 472
165 60
882 574
688 971
47 56
153 548
344 177
571 690
649 879
443 807
960 459
120 664
27 932
452 703
697 988
516 352
663 243
496 683
121 50
140 76
452 718
442 356
351 756
154 80
583 457
605 177
275 828
421 368
595 391
738 786
465 734
597 605
908 472
305 117
804 153
846 308
135 233
428 117
107 176
422 927
335 934
818 444
747 494
418 46
171 466
332 616
243 63
794 693
979 353
30 227
318 263
34 254
847 660
428 337
828 980
685 829
488 197
868 872
673 782
567 574
379 301
198 803
364 575
432 523
534 908
868 78
155 749
137 42
854 425
527 381
30 703
103 991
600 52
812 629
501 532
346 739
511 751
682 153
900 208
920 558
834 801
429 680
531 732
658 828
218 473
807 771
22 601
597 219
800 51
346 26
782 71
278 2
696 132
53 521
679 453
685 704
633 559
830 883
227 282
501 167
590 313
486 517
986 597
400 336
75 862
477 862
886 733
170 614
463 799
448 76
951 634
314 621
922 876
856 232
729 286
53 860
170 169
925 792
274 868
201 102
934 590
295 724
953 876
878 116
819 555
659 958
306 426
344 713
51 337
515 290
516 521
285 872
885 310
7 390
375 712
196 427
875 768
687 285
691 556
996 532
135 98
158 897
231 757
867 591
537 56
223 677
741 312
903 89
104 819
780 996
755 462
819 886
366 215
63 157
824 571
741 26
742 813
104 977
950 318
474 239
829 935
156 311
359 792
603 70
677 755
125 918
557 521
209 411
394 639
983 275
274 217
851 901
806 187
921 931
521 57
597 270
504 691
913 427
251 334
492 44
536 986
813 806
260 186
523 756
583 956
454 240
701 145
188 452
869 971
675 810
112 118
682 302
960 388
231 375
658 823
934 904
213 585
987 874
588 523
978 683
463 17
874 488
638 385
69 138
715 648
183 918
404 993
82 15
254 25
867 674
207 648
374 918
430 932
589 677
185 615
154 938
33 555
287 906
854 954
214 581
654 998
589 391
661 10
370 274
885 733
727 407
180 371
56 833
988 730
369 270
612 350
578 602
68 680
915 881
474 195
772 558
440 79
648 532
332 229
928 5
152 323
480 848
856 983
40 740
682 831
189 477
229 972
473 58
806 340
705 871
759 428
669 964
337 603
105 711
549 574
731 695
734 762
934 488
497 285
706 75
670 566
549 815
786 51
821 522
795 771
537 888
317 204
579 521
156 846
35 615
142 265
669 619
992 578
921 586
852 182
446 899
433 288
72 736
640 818
525 201
529 14
947 267
179 949
384 28
170 848
145 471
405 428
153 131
509 232
845 590
315 785
921 134
780 255
486 695
396 627
645 995
975 364
7 462
983 945
470 620
271 629
698 195
958 657
963 317
642 794
88 167
301 975
530 795
901 640
46 989
747 688
821 345
859 26
984 471
60 957
920 902
115 314
323 157
480 99
451 682
712 296
199 426
733 750
96 733
795 675
981 660
606 50
527 280
394 420
915 250
609 785
173 924
414 690
792 414
733 287
400 170
321 90
363 451
418 404
865 645
722 818
45 802
709 796
123 323
143 694
35 369
313 671
231 473
967 485
914 243
790 550
5 706
524 630
801 547
37 241
793 627
539 147
406 430
814 283
136 670
598 434
32 991
495 762
23 147
830 513
893 463
27 852
232 962
28 523
819 304
808 63
899 392
97 40
995 595
62 894
597 604
818 347
713 119
839 755
80 64
928 898
6 616
842 420
801 897
653 508
638 10
859 811
727 336
140 608
771 670
58 334
141 906
723 954
555 464
403 159
152 413
906 10
29 937
301 580
820 980
682 981
167 31
741 118
265 19
854 319
930 263
72 857
91 769
826 468
313 255
63 431
104 148
247 645
949 394
679 17
313 360
21 935
282 665
146 56
568 867
795 941
282 520
49 771
167 163
96 950
281 243
303 99
431 30
972 338
666 549
125 647
170 724
131 551
563 343
303 976
625 178
183 638
98 18
923 47
247 631
714 888
805 15
365 520
114 776
687 47
11 518
636 472
467 72
415 307
145 316
643 205
573 148
478 456
281 185
139 474
966 743
933 316
900 587
595 309
870 841
729 495
875 997
657 298
162 648
126 169
927 22
258 407
386 320
621 103
559 711
193 842
107 268
607 587
497 744
424 288
97 278
667 622
101 486
598 922
784 194
141 635
471 212
789 191
793 52
650 663
867 871
512 732
16 927
590 901
167 844
663 587
574 895
732 61
926 395
486 386
261 616
342 966
683 259
171 55
726 423
102 589
450 226
569 360
313 603
564 437
956 447
517 793
521 350
975 777
217 392
428 700
693 120
824 137
74 1000
420 764
425 322
375 450
750 250
19 214
97 714
48 838
213 20
505 164
368 483
832 434
596 587
759 233
136 489
763 234
231 400
677 310
400 302
721 879
631 979
240 293
302 325
623 377
53 669
504 769
875 274
549 93
544 154
8 548
466 325
729 377
107 61
474 840
628 617
59 318
153 821
300 956
837 227
901 681
279 927
429 113
451 457
801 934
969 4
820 562
58 365
885 152
157 615
603 987
163 42
257 49
874 26
710 684
733 571
381 122
953 617
755 821
936 633
738 573
98 860
160 659
346 322
642 823
20 903
647 42
769 303
529 655
172 857
105 138
108 863
380 20
971 603
194 848
581 580
855 37
548 659
760 684
332 230
759 649
617 368
170 104
706 166
209 390
851 819
786 782
829 684
193 59
377 326
657 916
182 937
127 624
350 115
8 240
361 858
692 186
714 990
571 827
643 470
807 603
710 629
740 654
154 297
445 502
107 251
252 992
239 782
956 998
209 979
643 244
169 381
188 207
823 293
857 648
144 45
965 942
978 652
226 489
430 231
549 175
519 639
645 704
6 598
27 617
177 4
326 999
280 827
728 697
732 193
969 177
805 539
900 801
997 739
580 285
194 752
266 197
567 49
127 622
558 878
334 140
444 852
215 155
695 237
936 740
464 229
137 705
821 311
197 525
367 189
495 488
160 925
586 164
833 634
704 878
553 875
309 229
380 558
229 926
472 957
18 377
593 491
243 526
489 882
199 203
848 199
840 258
631 196
941 834
800 954
881 1
959 932
22 437
528 852
344 405
696 234
143 689
311 723
111 725
632 956
541 286
563 378
503 407
450 513
948 256
217 314
2 470
539 229
88 9
326 634
759 99
540 201
174 955
179 867
255 52
2 248
828 76
811 368
671 518
84 940
823 459
370 881
116 381
154 94
905 830
692 722
913 731
879 976
292 224
404 922
816 490
357 966
656 3
897 879
721 547
614 310
45 105
393 536
642 221
97 378
650 752
962 702
244 376
837 366
654 812
720 628
901 961
741 258
154 530
635 8
447 395
565 628
654 991
363 62
427 983
699 511
48 384
157 226
823 685
657 832
40 889
82 675
453 792
864 913
439 725
216 576
68 737
255 801
769 642
458 517
648 557
316 683
284 393
394 601
103 985
886 656
497 963
511 536
536 802
61 729
890 627
161 291
15 184
74 580
511 745
517 198
501 387
678 987
860 794
735 158
882 894
759 4
815 278
504 520
839 108
734 322
421 467
297 93
282 811
246 104
891 869
529 282
13 137
127 319
537 823
511 92
731 992
776 141
563 199
839 146
572 271
187 747
4 483
123 573
122 383
196 666
396 452
300 872
1000 889
508 933
874 261
983 677
13 333
508 523
1 269
240 605
831 881
137 861
210 125
706 790
121 302
196 440
714 317
842 374
440 906
883 414
96 124
25 48
246 938
672 793
270 850
487 760
769 177
185 954
581 956
305 369
234 297
971 848
845 887
650 359
586 357
358 766
417 136
20 83
134 47
453 875
332 876
171 54
959 479
775 323
228 60
56 887
590 326
293 329
170 4
320 441
981 828
695 497
683 206
834 174
194 305
434 352
531 114
346 628
539 399
136 490
264 191
711 133
537 866
238 553
187 553
423 862
61 48
265 603
178 236
160 367
986 567
882 580
866 65
944 827
653 925
415 382
553 232
729 481
370 983
481 22
409 305
943 180
675 522
462 945
270 259
19 770
538 286
559 388
173 329
490 479
953 797
845 735
516 457
285 136
757 59
704 185
887 904
339 142
656 60
676 55
934 763
405 7
11 912
620 916
733 83
440 934
813 27
281 186
279 752
963 323
927 164
456 389
287 773
825 678
664 868
242 816
495 102
133 687
480 645
389 309
928 681
376 982
909 746
968 186
923 946
104 697
716 422
953 187
461 372
9 371
981 525
66 680
242 101
794 828
855 149
832 773
875 316
137 881
545 99
264 71
159 787
218 381
330 659
627 731
683 157
316 962
562 806
209 534
88 865
568 171
645 105
778 586
84 469
343 327
695 899
40 915
347 817
773 821
443 574
479 276
597 145
819 139
457 334
369 938
61 84
122 98
657 181
822 873
783 413
810 477
460 726
866 636
280 839
363 37
952 518
644 836
26 159
634 104
27 842
334 683
748 400
141 254
679 834
319 560
987 761
235 380
879 959
715 694
384 460
664 138
280 653
334 320
272 273
719 87
6 998
262 380
10 493
282 342
988 15
206 41
98 910
392 805
103 355
548 252
760 122
395 315
254 868
152 20
25 778
543 456
238 613
163 948
21 318
793 242
78 257
625 35
707 179
963 93
604 857
822 128
401 25
111 187
831 210
820 865
566 133
8 337
65 896
392 240
411 700
303 506
531 863
716 353
274 140
772 659
111 409
973 270
977 750
462 813
801 229
450 973
255 610
96 366
567 416
578 497
906 424
212 695
912 677
203 757
858 501
938 985
481 658
887 494
489 822
307 10
697 662
942 624
579 598
140 410
70 863
880 471
553 439
221 705
97 979
409 463
118 75
924 314
726 650
969 753
677 94
64 890
718 778
793 625
482 866
153 978
175 353
268 389
877 391
437 209
349 46
645 513
210 884
453 16
308 821
760 474
207 33
524 805
927 312
431 904
292 399
281 80
481 528
512 980
537 263
521 906
622 611
335 818
505 547
789 153
383 518
543 142
600 592
796 879
162 439
684 464
113 540
664 860
203 572
152 112
65 600
928 721
251 650
124 372
289 937
897 298
539 969
223 608
355 696
881 736
147 164
774 3
423 243
392 285
790 373
697 246
740 188
527 382
476 930
372 911
375 504
624 556
623 342
274 3
46 229
223 36
616 128
933 789
644 216
43 825
389 628
341 267
861 580
352 572
482 179
155 219
321 759
600 209
352 683
193 525
249 21
191 926
639 288
966 16
831 914
942 473
505 364
133 705
905 857
315 251
582 83
395 135
947 498
514 211
272 202
991 901
337 500
343 698
92 122
366 521
862 626
3 475
278 707
505 575
362 976
776 540
201 470
499 25
82 467
33 765
716 918
951 217
708 50
157 340
506 886
656 669
585 265
487 985
498 879
871 567
823 688
627 51
204 288
578 629
461 335
543 273
640 80
366 52
441 995
261 200
7 980
356 202
324 616
843 712
574 840
523 442
561 579
377 590
414 633
271 144
130 772
373 535
463 696
123 47
269 463
109 16
570 610
772 506
956 527
777 388
619 719
908 408
658 385
127 508
787 223
570 725
812 890
27 210
946 388
231 402
782 38
861 567
643 508
718 928
256 772
540 108
423 680
921 120
579 558
28 312
66 999
909 353
605 562
787 957
979 421
744 638
925 983
965 666
412 526
469 587
922 847
979 274
796 932
47 354
487 91
642 350
62 677
634 530
453 232
201 71
560 586
226 434
157 756
782 525
469 798
400 891
962 965
62 903
176 978
894 204
897 854
861 413
883 381
645 908
962 884
812 246
504 302
12 319
479 671
704 503
851 264
431 856
401 861
73 648
256 120
833 882
561 163
323 48
654 916
54 160
521 525
243 361
155 795
693 279
513 945
626 794
931 128
129 904
574 522
127 339
270 363
794 687
114 89
556 896
795 728
461 452
928 487
160 849
308 73
551 191
789 518
973 361
873 941
163 817
808 748
311 811
989 991
332 454
868 144
463 668
228 311
891 81
342 811
694 572
843 978
186 498
422 211
540 850
887 5
265 660
550 223
75 61
26 587
691 343
748 860
458 244
477 886
240 75
421 490
250 156
141 27
654 534
109 935
396 175
787 582
376 345
943 843
585 939
434 841
903 585
740 893
235 383
664 645
261 793
906 590
580 633
672 612
712 689
864 476
629 212
373 406
429 484
379 729
474 767
400 758
665 142
315 261
45 148
175 881
970 555
537 68
383 27
24 433
690 602
852 321
256 68
438 380
764 946
565 655
340 940
640 250
775 228
318 273
500 604
431 594
640 105
355 748
622 306
685 520
69 951
108 611
327 259
977 842
372 948
428 646
623 317
51 718
458 449
900 248
425 152
725 588
937 373
26 572
902 565
190 875
602 363
216 162
89 84
143 691
660 527
867 69
178 407
770 574
402 410
386 823
23 462
80 512
463 775
672 452
639 446
508 940
731 803
823 639
700 274
687 400
235 656
655 300
120 668
407 988
430 330
84 63
47 437
876 179
126 470
877 390
623 870
511 152
769 864
321 564
69 190
638 443
900 594
117 162
323 482
525 123
16 85
720 953
348 922
408 200
11 842
287 41
804 133
36 239
936 789
24 751
893 503
339 310
840 369
182 128
250 970
791 510
500 867
618 202
125 74
141 677
860 3
718 225
87 637
958 688
353 583
827 315
349 947
63 869
634 803
121 844
346 171
453 885
798 123
802 102
920 997
579 104
708 780
678 620
284 505
988 524
648 559
975 822
925 29
618 529
322 114
485 518
626 4
379 285
989 918
43 820
47 932
484 761
722 642
537 262
383 927
247 189
618 819
433 673
880 278
238 928
277 784
294 982
833 128
691 286
360 622
568 467
130 754
848 963
909 380
895 855
622 757
899 186
147 577
938 732
260 992
192 982
65 344
448 64
286 864
785 71
967 347
848 737
248 493
709 672
467 77
163 324
19 744
888 701
357 518
139 479
322 843
197 109
934 578
97 73
117 134
463 430
641 674
469 889
922 189
541 981
121 300
162 758
183 172
647 992
774 529
831 704
58 447
778 529
163 128
609 432
708 328
276 481
814 865
216 994
512 735
287 803
680 389
902 260
98 806
228 841
824 709
654 953
659 529
16 637
536 324
275 280
495 445
578 963
824 575
915 1000
845 87
367 247
833 695
480 985
906 45
356 100
229 242
51 750
968 894
876 739
739 573
556 925
830 324
225 907
928 476
105 461
717 238
927 144
518 481
98 770
649 406
432 698
986 610
5 67
632 681
655 57
329 675
630 595
902 651
282 619
299 571
716 136
203 39
795 827
958 341
905 303
951 948
737 520
576 906
443 645
448 61
486 549
778 854
39 923
649 931
523 982
729 188
715 430
112 249
64 147
670 922
362 369
770 776
438 954
594 580
334 763
460 914
524 799
354 824
892 909
954 460
681 268
807 335
892 435
577 675
465 649
879 522
456 468
810 455
115 889
477 354
228 696
616 998
853 903
201 352
440 936
348 241
993 780
336 521
278 748
619 342
414 508
343 462
474 651
849 461
557 20
409 796
29 731
286 58
362 836
825 676
647 436
548 527
716 665
609 559
494 27
497 213
209 217
7 938
638 690
553 780
309 142
557 472
134 299
677 659
437 362
994 633
872 69
817 708
674 839
566 473
972 32
275 240
539 591
276 543
189 330
65 196
630 80
206 990
713 900
551 412
40 518
460 888
425 204
443 971
194 275
69 645
985 4
821 950
861 745
153 219
751 565
278 499
753 394
249 257
784 532
560 923
575 712
69 160
725 59
136 547
342 613
882 614
334 565
209 976
267 817
648 901
878 906
348 657
455 591
639 169
248 293
770 236
23 248
823 310
689 964
528 442
563 991
418 690
827 850
535 157
226 413
438 848
392 969
219 898
629 211
277 238
804 241
698 860
223 987
847 189
558 448
49 208
72 15
578 873
480 308
758 667
766 182
20 934
148 83
993 522
618 393
450 263
927 811
677 964
271 791
399 322
24 80
906 18
391 734
397 925
569 308
56 865
722 755
113 848
833 639
319 904
553 872
290 670
812 767
941 925
13 734
716 355
420 672
42 126
133 69
70 544
473 26
971 311
682 174
886 902
852 530
190 921
618 988
677 489
169 130
677 487
453 978
114 574
957 218
632 959
304 774
675 793
765 893
14 389
701 213
649 874
942 737
361 964
433 503
550 474
277 590
98 364
871 363
140 73
947 363
127 475
12 19
322 919
89 896
770 99
611 519
105 285
417 534
823 234
593 759
41 694
489 100
527 161
439 786
443 343
896 339
989 416
629 969
45 264
855 283
15 592
987 131
291 275
93 540
42 542
764 983
368 52
640 199
800 601
609 742
977 122
336 398
212 785
699 981
132 434
280 325
302 774
744 600
294 801
550 56
718 931
233 564
329 821
682 243
78 684
248 963
180 196
184 255
512 650
275 112
9 15
329 431
127 474
667 363
722 786
874 829
857 9
51 254
991 485
667 280
977 736
192 952
100 529
653 741
981 232
696 376
550 119
972 477
847 531
75 850
251 443
545 597
286 865
713 500
205 879
630 48
570 40
154 415
600 67
49 707
253 611
948 517
485 186
321 535
931 842
418 651
606 968
990 299
866 781
794 222
23 800
469 888
589 811
883 498
793 798
261 848
687 510
864 389
646 589
696 486
249 78
466 161
709 227
360 455
205 260
478 776
841 772
185 808
622 521
8 815
369 706
963 249
836 9
840 76
552 576
441 7
205 102
189 865
561 790
64 874
711 796
253 378
350 716
208 165
265 799
18 410
406 98
4 729
333 275
604 946
238 240
128 765
303 444
716 427
147 928
298 220
869 643
137 218
601 989
53 342
551 507
449 201
838 621
930 632
715 242
645 131
648 185
478 108
226 925
728 327
97 934
144 904
89 521
369 899
478 255
190 691
799 739
856 427
881 335
581 524
572 447
773 752
995 800
754 813
566 937
62 728
545 738
278 973
224 371
299 114
814 198
671 731
139 506
809 363
231 80
892 910
568 556
775 681
390 713
121 350
904 423
970 968
783 894
845 677
66 56
996 727
408 280
465 281
317 728
750 802
698 953
296 589
211 314
603 588
604 419
303 431
20 796
497 537
614 76
651 210
250 911
552 685
728 826
861 513
417 169
327 618
662 417
901 663
354 708
635 701
561 818
689 325
926 122
413 93
931 384
181 33
842 813
522 175
223 132
983 492
695 472
497 165
902 146
859 211
199 338
864 715
690 433
48 568
692 497
118 954
646 294
687 574
981 989
835 485
635 86
818 522
364 960
83 987
212 380
394 961
52 741
737 555
274 363
597 15
212 483
32 857
554 818
772 141
222 220
51 377
853 358
636 602
586 355
74 95
594 662
41 814
204 718
527 522
309 873
571 394
37 314
370 841
61 420
233 455
715 683
440 871
448 358
760 304
409 44
487 351
453 347
837 410
629 210
954 253
560 967
177 393
34 498
732 221
497 638
842 397
456 64
560 854
957 972
64 517
79 618
727 474
200 69
747 491
594 109
578 870
850 3
832 538
200 672
449 954
189 824
745 120
747 487
218 637
214 469
627 124
366 144
631 597
812 474
907 310
466 538
324 652
881 761
54 317
402 818
534 523
941 78
354 603
301 748
768 207
614 25
815 683
734 953
381 719
555 38
994 538
612 93
317 295
445 850
670 373
786 878
513 558
973 412
702 170
467 631
322 270
18 23
950 948
322 102
744 779
853 183
691 260
13 784
584 980
606 401
848 543
971 20
40 882
773 790
898 410
942 631
166 321
500 395
541 395
833 58
952 950
520 154
179 151
197 375
429 770
356 806
749 697
74 115
511 154
874 743
581 384
552 154
456 271
457 218
667 891
365 577
62 867
947 411
608 657
221 130
738 300
799 643
813 446
64 323
836 993
429 437
379 886
50 810
418 247
21 155
495 852
248 433
417 390
555 664
955 452
701 634
903 226
615 212
90 993
751 500
309 257
280 204
185 825
44 50
228 855
859 863
768 76
137 737
324 337
219 490
910 584
637 507
872 337
656 594
532 77
988 671
185 94
773 293
47 576
858 191
155 482
795 642
579 251
670 198
854 419
730 117
441 959
702 247
73 240
283 739
65 786
483 63
164 706
327 118
368 365
313 476
901 163
812 514
373 724
389 863
563 444
981 917
123 501
288 174
895 70
476 707
153 736
753 403
562 636
636 845
786 116
218 594
50 199
403 572
23 383
321 859
145 21
93 503
682 308
448 66
416 544
899 205
956 938
330 343
126 496
718 660
611 836
322 841
948 693
454 330
455 935
576 108
80 923
603 177
710 841
729 514
510 77
3 335
460 153
340 532
714 313
409 917
673 736
763 988
76 673
222 903
978 5
137 547
871 850
850 340
481 843
695 160
989 387
401 132
225 574
512 138
195 130
837 735
289 985
660 312
591 480
663 951
500 615
952 61
215 972
973 96
984 690
133 873
9 125
697 166
707 338
788 203
315 779
7 977
502 651
52 206
159 682
782 288
293 740
302 658
622 91
330 635
937 401
424 764
702 182
7 759
981 824
643 707
809 751
354 212
407 322
818 615
711 240
179 483
640 671
222 455
762 824
959 998
925 690
766 768
964 840
35 736
184 506
956 872
79 747
778 948
84 147
840 785
360 731
914 308
611 130
580 979
841 393
295 912
169 260
340 610
207 78
762 715
984 447
107 48
737 857
900 645
504 228
658 979
418 684
384 484
884 783
153 169
909 802
947 467
987 526
92 426
921 172
225 271
814 929
410 427
866 624
405 116
82 35
120 146
466 130
528 137
877 229
629 799
8 893
685 93
107 372
94 993
385 281
318 745
376 986
512 300
110 271
703 798
237 651
52 396
453 843
147 368
648 651
774 63
480 999
891 391
694 197
944 78
128 323
822 398
275 20
80 76
145 98
293 664
901 473
759 309
906 289
21 839
866 236
809 698
114 310
573 728
155 344
251 243
714 761
748 179
696 211
943 80
562 516
448 492
467 440
273 227
749 434
363 251
454 214
661 74
175 216
363 136
182 716
222 221
317 823
563 3
875 245
491 236
348 141
202 105
459 522
649 558
852 35
409 585
516 282
135 988
893 634
240 522
187 501
249 812
567 878
100 667
612 853
478 679
617 761
83 181
763 791
668 652
509 913
976 648
576 370
890 780
337 322
945 899
676 821
932 671
918 990
903 14
742 50
266 392
881 926
361 608
96 262
629 612
869 181
906 897
822 21
953 362
811 185
976 837
149 373
152 391
979 570
379 262
481 966
989 749
848 271
756 648
741 92
569 427
277 418
868 81
940 454
168 938
673 69
692 295
394 430
17 537
424 549
226 753
318 193
287 306
730 1
948 120
91 985
166 21
61 801
523 596
115 286
670 389
200 847
919 446
955 993
269 357
888 855
406 326
429 607
395 723
948 269
532 716
75 171
312 181
524 620
785 88
554 791
258 248
928 490
525 150
943 251
990 162
882 4
151 468
634 392
88 300
73 184
715 761
420 427
19 943
816 495
762 423
391 235
893 655
548 62
896 567
73 410
719 55
166 925
81 903
538 999
996 639
147 101
582 420
638 927
73 581
57 328
384 1000
756 462
595 968
103 609
363 968
167 900
115 367
389 410
7 863
391 572
86 828
836 112
280 327
82 559
131 951
214 208
933 686
534 903
886 710
685 617
190 89
86 30
952 424
938 135
318 253
484 717
506 389
739 881
248 820
73 210
697 325
38 127
331 195
406 755
246 498
748 784
18 907
660 558
973 737
596 428
322 565
995 221
910 429
909 458
469 435
967 196
827 577
277 608
813 622
1000 831
360 486
700 416
387 369
335 79
529 200
924 60
876 289
469 661
514 508
227 991
746 821
697 331
226 38
405 494
337 488
889 843
306 421
788 545
516 752
901 782
496 827
641 220
763 991
201 474
917 500
102 906
177 289
125 107
841 778
825 653
629 939
44 23
868 639
506 882
547 841
331 191
723 657
67 236
285 61
712 279
696 764
129 138
231 533
835 211
673 156
142 841
878 87
664 457
8 365
184 46
402 29
40 822
190 964
872 676
910 509
812 999
356 443
543 849
433 706
571 932
741 507
972 554
648 187
278 490
800 883
601 253
784 555
88 936
914 162
588 973
257 685
592 264
648 10
200 225
100 567
728 248
933 23
577 101
619 894
856 92
790 339
495 568
211 113
766 733
123 845
749 529
435 633
810 663
709 538
435 282
777 922
729 244
511 435
923 589
232 574
509 78
976 685
884 46
867 824
390 489
727 560
672 826
430 510
914 923
575 630
348 355
186 2
519 324
833 965
319 290
317 834
567 88
664 873
252 860
78 191
959 274
466 933
567 695
958 990
300 284
802 58
127 970
660 76
958 803
755 198
369 263
355 756
835 62
410 927
730 776
399 9
424 955
132 372
812 278
584 333
603 187
753 362
381 553
437 375
296 963
418 532
7 581
47 1000
624 537
381 666
613 863
347 647
733 272
49 845
23 207
571 960
644 156
256 885
972 400
95 195
724 273
709 579
640 922
58 983
293 172
478 360
317 822
355 511
763 490
268 414
877 414
491 239
398 553
576 183
242 188
387 312
11 580
283 763
737 868
149 734
315 202
493 87
580 726
227 902
528 441
359 189
733 400
534 227
490 463
240 523
870 779
586 210
415 12
236 607
443 223
84 731
469 943
95 770
148 376
757 316
643 866
284 840
780 837
486 354
823 929
93 644
906 831
964 9
395 318
141 401
831 507
300 369
716 433
146 523
823 839
510 582
451 440
354 742
704 757
37 576
659 443
586 761
118 560
8 711
194 142
262 935
293 554
137 54
449 484
845 382
242 277
904 272
647 712
651 525
752 586
548 915
498 987
627 698
9 989
818 605
691 665
920 438
822 663
268 717
86 332
490 973
933 205
278 402
226 67
977 761
662 204
917 825
369 585
758 493
631 913
50 484
555 847
465 923
120 140
468 218
306 205
17 134
329 180
138 376
993 397
577 334
83 389
631 146
435 512
827 770
819 931
923 279
916 532
141 366
845 666
58 700
644 603
796 654
785 411
477 423
525 345
197 824
738 524
560 884
776 817
724 975
504 362
441 383
975 766
651 28
266 114
214 388
841 766
163 966
334 795
603 340
676 520
328 662
298 818
582 726
534 533
925 104
730 960
394 122
775 46
76 210
848 123
890 522
963 858
15 17
802 251
422 61
963 747
322 225
969 874
548 951
401 246
693 417
665 885
388 500
688 783
806 230
204 844
8 63
118 142
355 200
800 75
583 976
142 174
825 488
847 623
95 138
174 767
965 528
628 138
14 356
362 764
182 693
594 717
682 293
399 956
148 764
108 83
131 998
704 36
353 74
436 390
417 725
533 527
571 436
576 110
562 17
410 290
984 707
417 582
311 102
653 868
447 614
140 846
315 581
629 136
271 90
780 190
656 500
785 528
608 925
900 294
576 211
85 859
525 970
732 54
384 70
846 58
833 873
135 539
797 718
979 663
360 325
842 677
354 831
65 688
342 324
42 640
974 265
155 931
119 402
603 33
751 89
229 355
972 858
385 590
835 210
639 984
265 780
432 559
342 38
34 879
74 896
754 30
647 643
6 265
523 433
971 355
991 756
299 686
337 631
626 439
521 33
207 642
189 147
155 495
528 81
618 787
530 177
326 276
147 643
22 637
830 132
636 851
106 674
213 532
541 448
269 61
771 327
476 455
653 919
903 584
473 531
899 43
738 1
335 445
687 200
88 374
567 614
714 22
44 545
995 515
615 858
282 90
388 330
853 673
990 266
614 406
120 950
299 317
49 462
547 347
340 699
947 469
586 191
626 412
338 36
853 899
568 781
418 908
438 75
516 431
300 104
319 476
447 747
384 632
175 856
345 881
487 538
196 268
332 601
684 262
22 48
414 115
966 588
813 816
256 125
385 287
495 108
457 851
746 234
822 15
958 991
797 323
200 409
777 26
266 364
910 525
735 623
531 728
180 490
219 260
782 459
927 742
365 976
512 943
518 449
32 400
754 149
350 856
823 253
726 23
695 872
811 375
159 35
817 986
971 109
809 858
376 433
406 696
284 112
985 185
895 922
786 442
478 650
826 971
847 551
188 480
80 537
501 103
800 226
140 323
433 463
987 928
469 505
400 144
827 539
365 568
866 127
583 190
161 809
984 523
598 537
196 585
254 323
291 215
956 195
426 946
136 968
304 346
413 728
106 858
171 906
667 769
139 360
895 528
914 730
612 855
439 149
212 274
603 572
770 375
680 291
681 526
131 621
560 841
427 706
543 144
968 510
515 499
24 438
133 533
93 564
775 82
688 124
506 939
823 838
500 808
668 645
246 953
101 106
832 537
918 681
834 812
871 715
859 131
364 611
860 632
95 733
5 229
759 362
975 857
484 836
468 577
877 795
5 662
898 972
63 256
428 643
985 330
961 497
190 925
485 719
705 82
476 762
331 217
958 390
873 686
970 496
532 607
458 172
421 56
204 952
575 667
433 410
66 626
992 759
536 370
4 359
311 426
304 649
1 751
420 247
36 935
165 773
447 879
597 61
875 96
535 76
3 199
408 437
687 369
351 778
504 30
144 415
698 654
239 638
700 252
791 279
792 369
874 187
887 754
179 695
309 620
79 150
59 761
764 670
546 585
874 202
984 518
727 507
884 527
660 432
127 523
129 184
367 229
738 764
298 529
478 931
466 987
447 118
582 565
896 198
807 400
590 32
148 115
901 603
849 154
741 412
10 124
128 495
882 290
313 37
684 236
831 367
265 138
636 644
215 922
753 471
719 538
6 403
29 82
105 468
881 363
11 602
114 410
167 228
741 207
501 618
63 471
526 533
817 695
759 761
695 690
772 580
887 170
427 392
732 544
753 130
471 963
223 34
18 392
445 228
781 586
29 485
605 774
273 947
735 135
169 226
942 551
130 719
670 191
187 514
722 929
728 930
818 672
286 986
690 809
127 292
308 578
339 812
931 277
585 516
786 277
519 777
539 119
365 923
525 240
214 918
334 885
243 610
715 278
844 626
495 550
477 119
206 431
297 497
960 95
45 787
344 948
700 17
258 508
427 95
876 434
510 112
737 28
645 769
176 812
653 310
766 385
586 235
92 112
718 292
115 785
499 110
393 573
529 633
824 887
91 264
755 597
383 544
223 799
707 851
379 482
16 626
772 797
497 851
977 457
261 272
725 795
929 302
677 920
659 389
72 297
181 201
469 792
466 56
65 544
484 62
53 15
882 217
989 723
683 392
50 827
225 910
288 18
209 570
454 557
865 906
517 769
460 150
333 736
963 825
94 471
204 147
99 447
718 506
617 446
324 884
146 20
274 97
969 250
167 494
514 811
715 246
927 399
381 982
403 748
498 658
852 965
28 135
413 557
675 836
549 867
397 502
19 444
517 453
782 987
985 205
804 695
36 793
109 957
973 788
80 717
997 684
62 589
231 366
268 500
605 445
381 561
753 746
169 265
727 910
339 953
835 988
396 16
606 25
164 52
942 511
323 621
16 3
220 227
737 975
36 524
561 281
428 985
714 457
684 737
158 284
999 472
712 746
310 391
1 918
872 976
101 258
393 601
760 64
634 898
211 687
358 258
200 188
618 414
600 701
229 745
111 63
959 365
141 970
845 118
96 603
495 333
264 695
411 568
103 824
518 55
209 365
341 792
363 688
971 433
229 457
669 42
377 620
585 667
859 324
206 909
457 325
276 548
105 718
237 441
330 749
94 322
242 465
319 599
677 321
715 146
800 116
503 395
786 443
4 140
283 479
601 72
235 966
725 778
630 205
23 17
689 541
834 478
49 702
965 888
92 756
643 252
40 71
921 450
690 129
139 397
925 907
657 456
876 212
426 151
240 702
757 119
813 709
864 882
802 694
35 221
743 525
508 586
275 923
368 946
334 506
63 536
28 845
446 858
555 688
315 283
962 850
803 62
825 602
680 435
58 107
780 982
758 392
340 813
287 742
950 34
720 543
348 496
385 378
279 898
33 296
125 130
931 467
920 96
426 297
686 587
475 768
485 266
641 218
332 143
133 942
618 660
46 853
436 113
163 667
94 653
4 669
132 362
226 541
669 264
989 737
802 318
363 668
803 971
517 857
459 129
189 504
948 123
753 229
131 419
186 954
460 301
471 378
1000 266
466 264
319 587
32 155
810 134
499 827
5 696
977 767
37 23
311 600
131 238
41 945
444 127
305 679
783 510
821 695
326 127
933 45
537 972
918 339
114 797
807 851
745 849
880 172
623 876
24 936
151 465
634 407
987 685
148 585
112 484
735 516
408 293
742 352
961 719
551 181
859 516
128 932
183 70
242 574
335 197
91 303
110 633
665 108
663 713
760 294
12 509
182 359
346 403
932 702
710 915
154 538
134 447
964 111
55 686
167 816
81 55
523 88
281 405
488 207
626 973
698 462
704 723
483 500
821 159
845 62
460 28
703 928
405 621
601 554
301 716
329 943
825 50
823 587
534 922
190 92
247 405
730 113
878 41
626 62
147 907
1000 471
485 657
454 499
496 182
4 919
423 607
582 795
982 458
285 922
288 162
622 925
127 449
297 52
541 329
892 419
711 153
549 846
346 711
878 762
40 850
921 751
226 101
196 861
142 351
914 204
473 900
900 399
267 588
22 352
472 332
2 293
75 985
296 26
705 354
10 872
250 321
268 416
37 365
519 921
816 106
396 508
144 109
879 911
199 521
37 510
310 74
463 436
748 358
141 400
599 533
98 623
233 300
144 267
181 567
537 484
486 345
287 920
146 796
128 831
186 109
613 386
867 878
745 282
285 359
5 377
570 471
953 453
92 151
892 400
975 732
119 590
216 919
582 534
529 666
676 735
328 805
147 491
208 267
449 535
33 464
659 388
767 751
650 55
591 413
980 932
68 702
916 396
151 657
209 256
857 428
68 82
259 528
132 290
6 271
870 51
768 314
103 561
990 515
77 666
596 894
446 337
244 556
307 173
90 295
19 225
665 855
246 418
912 740
216 241
190 654
934 85
397 53
576 529
683 961
670 595
106 672
231 486
221 657
95 232
192 921
139 642
265 579
605 523
17 34
1 677
518 950
188 77
49 657
670 781
69 350
362 488
348 651
22 204
114 805
44 652
406 111
566 96
925 833
264 50
292 66
595 363
101 734
429 215
303 578
50 411
310 378
554 524
258 449
651 410
731 134
304 271
379 837
722 144
257 159
495 795
956 287
558 63
39 954
615 58
306 580
367 349
884 41
638 781
153 463
814 788
194 741
767 988
971 884
96 382
295 310
413 167
875 516
971 709
664 155
594 867
338 834
145 355
727 128
512 479
487 843
73 915
111 175
77 971
828 773
940 335
665 608
830 362
302 835
378 429
164 800
735 427
238 145
170 81
755 189
48 573
30 765
717 797
789 624
281 905
356 459
481 928
636 709
532 470
782 721
530 147
847 944
276 815
243 968
249 267
766 800
883 964
634 158
265 639
231 316
624 218
899 248
122 559
791 958
494 810
888 541
170 548
942 318
946 133
142 272
602 547
613 109
515 936
952 526
978 754
904 657
914 566
774 806
611 896
945 340
672 524
144 437
79 122
240 526
405 434
172 355
101 579
192 417
818 173
231 960
605 211
589 750
828 374
850 218
667 944
889 768
379 734
234 183
749 788
788 740
664 938
745 321
998 61
802 776
625 927
443 446
197 611
147 434
737 406
916 705
564 673
51 782
219 911
996 781
253 317
717 78
702 482
149 482
670 92
104 19
927 218
142 661
238 524
453 401
807 50
388 140
593 371
276 569
635 152
798 706
655 127
126 797
949 350
971 186
651 487
984 582
795 840
969 941
752 299
255 328
792 646
725 104
585 669
697 527
184 438
353 321
795 150
745 967
84 215
604 492
31 584
622 595
401 509
44 709
245 68
780 337
49 729
356 803
5 474
412 669
274 618
738 199
848 651
140 812
279 287
463 34
410 90
279 641
225 105
300 893
140 982
944 680
447 591
125 353
297 49
471 202
699 47
202 589
612 964
224 909
309 268
183 359
708 454
256 39
32 162
681 778
422 628
138 55
252 185
534 697
375 605
422 711
149 405
941 729
708 228
121 966
125 790
589 167
259 934
890 678
281 694
234 766
398 287
533 352
755 304
298 83
301 949
354 959
54 50
826 75
424 517
778 296
691 585
469 123
640 281
807 935
630 590
960 614
908 766
434 373
606 487
271 346
865 620
544 468
35 715
92 1000
398 859
915 367
420 823
522 567
246 97
908 988
433 388
680 643
697 555
539 216
614 828
320 18
397 178
580 59
771 509
773 535
482 826
438 662
379 426
16 25
473 726
705 387
206 312
213 668
658 635
898 10
633 225
483 966
961 682
984 629
949 749
288 956
552 409
372 226
874 44
340 896
324 13
141 625
145 886
813 191
263 162
980 592
228 157
383 947
224 792
776 959
369 705
279 852
825 898
246 417
910 639
682 669
52 437
133 852
618 346
690 895
195 423
752 856
380 121
366 60
151 656
777 833
320 660
765 266
347 401
755 268
422 461
873 953
557 422
471 624
639 201
852 737
246 304
137 220
915 429
184 161
277 972
403 641
351 95
647 930
869 542
341 469
472 156
933 817
558 678
52 783
601 114
819 39
360 704
895 880
587 3
900 364
259 124
278 200
616 529
508 663
841 396
970 232
353 250
554 634
22 188
16 5
861 243
86 49
704 178
82 250
913 42
339 153
729 609
987 517
951 486
439 178
392 931
762 475
529 970
456 42
167 516
277 68
634 529
854 838
466 895
430 546
492 899
850 25
98 850
580 520
237 593
114 454
883 99
569 688
113 732
355 619
160 907
492 560
755 202
574 562
684 182
327 646
315 810
9 203
697 54
271 79
60 754
62 64
797 19
85 289
238 769
282 551
348 49
906 445
77 526
575 275
902 577
764 328
1 998
613 573
230 915
14 139
14 432
787 880
916 852
247 896
931 605
477 923
745 891
27 980
968 414
538 456
496 699
706 514
528 302
411 418
620 188
952 766
685 504
813 707
173 164
598 655
396 389
291 169
519 625
421 982
723 170
780 99
158 667
90 757
236 603
442 182
362 897
549 443
36 322
755 874
2 814
187 214
10 357
798 620
548 229
761 518
309 311
2 705
977 373
253 125
665 432
404 460
133 650
971 958
854 588
394 230
858 387
73 573
959 720
243 333
33 415
569 317
362 581
258 756
953 222
534 525
411 518
746 495
752 864
143 199
590 276
114 117
29 252
32 320
971 351
866 653
55 776
160 836
639 866
90 365
74 598
806 367
477 571
759 389
66 146
503 331
69 306
971 189
563 169
976 277
100 917
799 899
319 629
674 580
770 647
189 73
942 633
653 762
389 591
130 665
543 472
468 119
723 585
336 262
438 655
41 227
387 395
351 986
232 958
140 241
16 431
344 812
453 118
736 638
224 322
687 141
11 286
502 461
340 280
527 628
843 387
974 603
597 752
157 771
729 552
788 923
45 509
112 486
258 390
559 308
541 969
799 229
984 666
345 908
697 633
54 804
443 255
686 169
547 275
619 390
620 981
380 658
72 195
699 46
793 37
885 471
176 97
46 979
909 583
659 652
785 697
596 361
466 982
769 77
352 699
849 40
342 431
180 318
532 75
418 375
935 446
578 665
462 628
446 89
640 508
988 516
797 42
982 238
747 951
911 38
894 938
143 72
436 198
204 106
843 637
287 990
752 618
256 531
575 474
890 488
946 518
90 973
307 192
766 315
271 421
938 930
304 842
658 37
752 328
454 128
991 443
596 425
160 349
144 818
737 597
517 383
645 330
174 87
316 752
156 649
305 705
658 199
696 494
145 408
314 625
630 11
939 818
746 540
430 75
503 659
568 680
918 492
173 347
980 157
728 942
802 653
236 756
914 639
164 98
790 170
611 987
841 66
771 811
455 818
832 779
707 681
528 20
286 292
34 453
839 712
295 558
261 746
195 251
585 423
178 679
614 442
805 682
148 163
889 537
998 341
376 964
431 828
858 456
803 329
253 386
628 242
556 119
280 138
17 809
346 151
733 521
458 845
935 817
281 89
941 572
391 543
765 408
24 387
807 151
704 928
255 975
57 186
174 363
6 269
725 747
981 849
621 330
200 686
994 732
238 234
118 460
649 9
144 737
821 809
308 412
844 126
294 923
167 491
628 335
838 612
532 419
401 103
593 715
705 945
670 593
805 502
878 660
118 25
155 1
411 187
986 842
455 722
607 945
60 130
709 763
946 159
952 628
688 665
40 110
918 281
517 2
691 145
692 638
581 322
709 285
91 601
606 943
440 850
153 179
905 892
145 567
555 824
679 950
22 415
614 357
984 594
968 375
839 684
774 501
791 457
671 119
620 541
508 263
471 141
770 324
599 753
894 471
417 305
858 583
663 608
451 167
599 870
106 329
345 535
987 192
953 336
205 3
465 222
640 134
842 852
916 51
8 720
302 982
267 561
472 573
364 635
22 564
110 115
935 70
350 546
939 3
967 945
389 882
643 775
445 839
392 173
485 582
989 982
39 517
998 780
344 277
531 43
807 878
39 704
721 489
56 376
283 511
946 277
840 784
863 164
97 973
795 140
320 44
598 307
123 657
396 209
880 52
313 873
960 508
870 595
635 314
395 907
32 975
75 995
738 33
944 793
514 334
259 118
135 986
268 249
512 279
563 852
489 231
287 60
73 480
684 704
633 152
7 429
482 692
163 601
948 905
426 611
499 43
799 38
641 396
771 513
152 239
723 376
281 269
564 828
141 777
940 135
736 818
702 646
993 514
171 330
524 462
873 52
855 508
52 511
162 139
569 304
168 966
928 574
803 750
698 408
792 93
935 106
773 347
96 745
759 358
484 32
834 859
247 434
659 156
199 303
990 590
437 342
424 555
688 444
935 444
892 180
743 306
610 613
916 676
522 831
942 924
601 798
708 582
820 56
769 974
630 403
649 176
100 918
229 758
475 14
288 515
75 208
991 709
44 929
373 795
924 413
653 761
515 61
696 356
418 463
93 492
184 440
464 856
840 815
362 415
622 593
593 829
642 274
852 222
487 5
97 203
135 937
942 459
111 341
395 772
787 730
349 85
996 944
3 510
728 872
575 848
400 813
735 513
88 455
523 407
140 935
396 313
182 238
811 666
103 296
586 834
530 425
280 913
376 826
488 788
567 110
769 211
954 81
266 971
154 537
836 29
985 893
214 409
680 208
237 536
771 650
665 403
409 59
621 946
436 818
958 923
264 739
906 62
764 862
656 585
967 603
949 252
261 218
85 390
530 533
184 932
15 495
915 181
73 826
833 460
405 731
63 467
911 33
694 723
643 863
40 680
518 397
230 386
817 772
15 141
660 726
593 261
320 455
249 487
856 697
380 620
503 479
530 217
571 783
773 883
247 220
246 103
156 795
749 372
311 441
10 900
282 161
892 668
732 681
752 418
37 153
332 289
46 169
75 939
573 168
177 159
729 410
896 715
652 136
32 725
736 377
699 367
206 333
297 663
949 747
163 58
440 917
942 621
978 109
673 761
878 300
625 980
378 12
628 477
79 487
506 781
859 771
987 374
271 689
382 364
292 636
955 276
538 884
668 811
985 857
214 421
94 927
699 811
607 994
759 923
209 91
177 517
696 531
777 237
129 954
629 727
708 218
600 963
933 239
110 84
167 55
423 137
910 235
617 128
912 938
824 294
471 669
133 116
501 586
912 825
33 160
960 259
792 435
260 393
506 419
97 734
942 980
778 605
174 578
838 613
714 607
291 738
886 250
792 593
676 837
274 338
317 74
340 855
265 759
839 69
531 236
970 308
164 451
764 936
151 199
630 273
674 505
636 991
855 703
256 52
312 549
403 974
870 692
942 289
155 177
908 849
302 192
361 900
507 642
515 945
352 563
629 307
442 463
425 667
724 473
407 799
72 576
168 179
758 200
616 817
504 235
548 454
491 807
19 892
633 18
598 720
909 859
287 91
914 755
266 835
334 482
693 857
145 967
755 656
258 766
449 805
488 989
931 221
401 954
680 475
185 995
594 129
423 361
758 692
210 374
767 942
807 455
183 425
767 644
752 920
509 795
916 77
980 181
837 544
340 451
300 578
462 659
194 821
410 886
216 741
629 317
328 723
612 323
426 192
584 484
656 913
199 437
897 409
259 992
812 268
464 418
503 67
360 211
214 18
513 681
184 97
725 654
713 802
454 924
591 769
722 688
895 675
271 367
40 527
866 423
721 488
208 709
998 637
88 795
531 155
273 127
50 207
536 515
791 725
103 30
598 193
50 363
485 904
677 222
213 798
586 280
478 338
135 567
40 457
875 234
956 105
331 762
220 142
779 992
980 103
526 303
161 519
336 817
272 130
642 427
718 582
477 300
831 813
758 839
799 259
984 640
457 157
871 173
784 247
332 747
168 604
380 767
91 372
861 360
242 760
295 326
764 597
46 524
12 420
470 1000
271 745
328 785
114 451
25 791
262 36
910 976
657 104
510 584
4 635
38 130
462 751
432 910
363 882
589 128
661 275
403 255
186 757
498 131
963 983
855 221
223 279
647 689
782 424
693 19
843 650
570 974
238 176
494 286
186 922
601 254
446 413
178 615
933 917
754 178
8 442
191 427
985 510
35 835
454 779
716 122
657 244
647 996
223 52
66 771
933 247
97 639
938 863
776 14
705 120
908 571
140 397
92 950
878 589
554 143
866 173
579 720
752 12
41 225
369 732
903 641
779 959
130 441
918 454
810 567
631 653
282 108
268 15
921 339
486 87
896 671
642 399
827 137
79 236
818 332
693 864
417 557
474 566
441 423
171 634
667 913
138 321
585 56
822 319
276 495
145 911
651 306
500 885
620 614
345 684
608 102
858 638
887 687
524 284
963 260
516 879
485 72
380 782
340 845
34 240
698 91
682 676
360 312
287 599
646 922
691 831
138 133
238 114
191 152
229 853
926 197
233 658
255 981
716 297
517 808
323 915
405 730
119 170
273 660
34 938
467 41
497 502
522 833
688 601
38 907
526 905
284 12
199 163
810 68
424 663
795 952
869 743
872 659
457 729
804 954
914 38
19 310
131 272
313 597
263 963
514 755
626 367
233 991
369 926
898 564
106 731
86 477
805 417
368 210
729 255
274 570
732 601
715 269
875 721
499 678
631 657
220 184
430 184
749 550
92 303
386 162
957 697
610 138
620 789
458 111
552 13
420 325
149 897
810 845
708 72
44 345
944 343
282 354
763 871
414 383
89 788
897 839
662 193
862 70
3 452
412 567
788 671
223 794
738 554
929 455
489 472
767 949
54 32
515 462
673 986
671 179
551 985
77 82
394 188
233 876
470 131
931 495
160 952
536 509
519 140
208 158
157 75
711 676
323 383
780 362
739 551
385 576
151 685
82 522
981 750
659 358
553 943
937 520
898 798
669 65
412 46
506 305
432 692
605 475
78 657
90 291
74 620
757 681
683 826
481 614
983 482
181 569
624 801
308 700
296 220
202 507
503 825
13 161
127 199
344 990
238 676
956 983
242 146
80 706
148 815
899 17
611 795
596 173
248 275
636 702
857 703
288 654
272 3
787 676
183 887
184 847
22 179
650 888
705 499
192 298
653 115
37 414
81 550
101 555
301 25
547 321
88 410
415 17
921 309
45 20
546 539
7 558
568 787
509 71
185 625
516 424
728 601
983 931
196 23
970 570
289 358
828 588
63 961
335 620
124 721
718 39
812 88
854 551
301 989
507 328
676 767
228 230
690 911
160 910
512 467
307 721
751 10
420 741
227 174
375 230
481 823
977 202
642 66
904 298
379 80
324 951
406 993
963 792
178 576
471 529
367 608
960 562
73 386
856 707
271 291
308 370
94 327
702 6
958 492
248 883
568 38
570 55
4 250
759 192
296 242
620 266
715 102
347 954
277 719
994 435
463 820
193 336
841 476
439 303
848 532
724 399
253 689
491 228
2 233
455 577
205 814
231 881
406 15
562 497
818 71
841 318
126 304
128 703
435 557
104 525
535 38
579 702
304 336
140 46
268 251
895 452
932 82
400 963
845 751
577 936
849 756
810 882
79 11
210 934
652 81
283 542
803 199
822 673
144 312
561 787
352 59
405 47
853 929
858 765
453 467
367 381
791 495
225 412
619 300
750 950
987 256
182 34
777 706
980 651
788 454
583 987
681 786
974 425
135 297
12 564
87 80
824 530
368 958
638 837
886 855
494 61
336 43
984 864
104 23
727 17
242 189
4 204
25 673
523 366
820 228
911 207
454 622
424 557
420 810
392 75
342 211
610 611
611 262
646 507
998 814
346 641
223 69
485 858
970 506
329 498
184 459
861 582
647 10
1 880
94 93
95 300
995 786
134 984
139 718
936 452
580 787
391 428
528 766
676 270
988 488
883 706
495 520
762 205
982 990
714 40
474 180
75 542
371 391
350 446
157 768
144 405
420 290
6 559
604 130
309 630
704 364
372 138
139 27
858 721
140 816
608 904
699 35
188 548
46 702
345 691
381 53
698 233
185 794
978 169
465 122
157 324
285 271
253 507
458 965
992 373
682 529
850 879
462 345
245 855
998 319
530 881
108 773
380 994
91 113
536 482
699 894
773 411
668 743
