1000 9870
485 297
109 365
737 775
61 522
315 998
985 654
415 296
552 795
630 672
364 558
206 636
781 866
363 639
324 911
678 746
55 873
557 679
359 971
948 36
731 348
734 557
570 594
750 714
96 981
412 489
843 919
170 311
837 970
669 783
526 168
182 866
18 899
114 600
355 350
174 774
714 804
368 211
935 556
710 359
397 174
199 742
572 284
740 986
332 943
585 927
770 827
819 371
993 418
461 588
944 566
853 662
710 1
213 567
509 320
576 101
61 635
602 825
235 449
419 134
611 698
615 98
193 729
25 506
103 334
694 343
594 155
868 590
391 997
565 554
713 383
552 699
115 949
750 121
684 424
499 146
287 677
897 145
941 680
233 851
949 173
372 989
517 617
595 364
868 819
280 316
109 106
843 631
381 428
772 569
80 89
498 200
768 627
656 966
677 519
553 942
311 938
760 634
618 632
656 853
15 114
881 410
38 177
313 406
744 942
969 787
523 574
373 443
672 202
344 427
611 431
39 686
977 681
412 380
434 228
342 521
827 647
757 970
960 356
245 230
49 571
22 623
201 832
681 206
493 536
864 422
246 240
729 218
503 707
986 683
370 403
153 918
904 762
162 988
770 799
847 287
926 906
140 11
509 356
75 550
953 589
25 110
45 19
463 260
581 97
894 248
914 768
440 947
591 56
261 715
139 35
747 278
196 16
567 35
510 368
779 19
157 411
638 76
399 450
829 371
890 905
172 184
120 377
146 543
642 952
437 44
55 749
441 41
438 577
462 657
945 713
713 629
362 621
243 482
907 661
546 79
587 953
532 14
702 346
426 81
997 262
535 814
152 705
389 252
212 561
51 501
969 858
319 98
517 240
726 46
312 886
956 551
223 96
290 821
847 959
867 85
189 33
389 559
992 366
18 971
795 129
979 476
99 980
397 101
36 827
443 811
65 285
658 140
531 488
36 906
121 38
31 881
931 703
499 363
993 490
41 933
426 957
779 627
46 86
84 781
287 168
415 674
718 580
899 298
742 382
317 641
232 755
563 857
238 267
715 562
665 233
168 463
408 382
559 653
709 16
659 775
201 265
314 104
862 34
404 89
851 304
498 479
224 438
105 199
747 528
911 443
695 272
729 260
811 895
696 721
858 318
954 781
544 513
599 101
929 89
986 410
293 722
80 33
48 591
677 700
368 748
331 608
473 259
378 317
893 14
824 79
22 722
5 384
812 528
389 865
429 692
841 264
507 768
406 748
942 530
588 958
844 272
320 156
76 133
986 577
444 117
411 356
344 129
986 752
509 539
350 379
11 523
800 372
269 975
418 523
145 321
334 655
351 599
304 494
471 649
268 9
35 366
278 984
715 752
753 517
457 450
244 184
712 389
211 49
178 282
107 384
617 563
245 274
945 196
286 460
811 671
194 695
504 259
984 525
548 182
491 527
681 595
115 171
940 968
483 655
817 147
358 381
129 177
771 638
690 425
387 873
944 26
656 686
470 778
343 120
368 844
849 147
557 226
426 356
873 21
747 764
772 951
333 403
967 596
381 391
698 443
885 791
526 621
761 818
843 731
385 747
298 92
461 384
731 302
570 992
510 983
151 617
227 223
579 882
617 459
697 483
22 766
193 76
599 476
779 300
360 971
911 960
326 288
237 379
458 376
913 579
333 936
691 362
381 956
959 581
400 320
718 960
26 262
857 816
343 773
490 715
771 480
738 117
616 250
675 540
606 36
117 25
466 483
728 946
858 993
908 322
287 211
880 861
532 958
681 284
650 981
207 8
597 656
749 66
70 368
300 237
960 642
811 763
171 600
67 667
177 463
324 10
343 474
591 212
498 260
357 206
233 48
571 63
367 37
577 799
637 391
711 896
270 638
660 194
115 421
632 249
10 27
138 212
272 542
324 703
860 951
113 644
367 251
775 288
526 734
375 796
548 622
915 869
720 251
633 551
328 987
158 333
307 917
19 9
367 985
208 958
981 861
379 39
87 494
342 524
954 551
350 868
869 648
427 493
928 182
268 943
169 182
711 234
269 339
364 983
479 294
942 586
856 263
160 270
718 941
95 214
577 115
101 917
743 554
136 285
602 678
734 443
455 718
943 114
231 359
823 791
491 250
628 969
754 700
574 403
810 482
45 735
118 831
458 79
65 332
535 28
386 21
151 279
980 189
664 694
495 944
442 300
228 733
779 679
482 573
651 910
490 356
440 965
40 287
24 644
64 645
743 127
121 468
619 437
435 798
937 778
496 848
6 903
486 383
641 420
115 99
903 28
106 290
312 286
24 465
670 709
319 186
234 537
272 751
242 949
86 770
381 478
972 743
683 348
368 539
190 316
651 826
76 292
314 555
552 837
725 538
947 528
621 665
512 243
643 779
366 332
132 268
703 119
869 347
130 435
213 487
90 402
664 180
511 710
682 190
185 382
152 625
373 737
431 385
179 344
887 24
635 99
746 552
554 7
863 19
4 228
523 768
545 968
660 972
412 321
633 917
277 717
425 986
409 509
728 221
946 300
235 959
880 40
329 310
771 427
168 116
559 72
762 68
925 910
984 502
188 183
168 3
386 70
689 615
836 722
909 154
966 85
36 26
524 823
996 959
413 720
487 451
89 944
19 6
993 90
336 963
942 141
330 359
921 312
297 748
390 307
452 8
179 720
63 918
581 981
931 250
220 403
224 854
353 566
814 677
794 19
603 722
347 16
699 231
646 802
944 652
821 312
266 441
290 291
495 366
617 204
210 903
786 889
18 473
310 593
114 110
207 959
941 913
694 715
367 529
104 311
88 732
235 607
108 743
933 914
574 924
557 722
908 720
781 606
139 164
431 10
553 272
781 256
179 82
680 685
496 510
617 704
373 904
718 312
948 229
702 925
205 895
308 324
309 801
255 37
383 496
335 125
942 463
972 163
856 140
692 562
698 691
182 448
207 55
300 891
702 12
624 311
642 394
805 974
244 492
559 307
653 266
747 179
245 597
474 565
771 835
721 540
836 891
840 382
741 687
44 145
577 897
745 295
504 371
837 351
951 203
699 146
428 240
902 277
266 151
506 868
527 142
376 540
495 285
834 665
29 953
531 683
907 732
955 257
328 637
20 275
648 988
337 753
303 428
821 175
200 695
365 35
317 320
744 948
635 476
640 287
847 584
865 832
385 948
540 888
467 540
668 827
433 732
490 903
821 833
436 481
165 237
499 879
855 642
321 935
305 538
645 292
445 478
549 984
820 622
287 444
415 651
199 736
3 13
61 287
923 172
732 596
439 390
97 235
225 30
334 744
279 313
301 417
230 265
965 970
141 312
54 763
538 188
979 98
961 563
429 125
233 388
620 784
733 47
770 91
898 4
644 544
595 434
11 869
547 311
219 966
650 564
160 882
391 86
486 336
548 171
107 653
951 190
55 485
721 649
426 551
500 305
137 552
923 665
546 468
655 682
966 601
471 85
788 265
310 221
591 387
298 765
472 29
63 831
409 700
618 418
983 254
529 659
806 669
771 746
216 781
993 349
146 584
350 696
952 368
399 63
493 176
830 369
857 859
9 209
617 132
695 633
80 234
632 583
68 603
397 699
548 845
588 146
365 7
632 694
778 758
507 411
881 105
378 229
530 166
696 194
990 804
946 438
965 618
268 654
397 494
553 360
239 917
437 989
187 550
773 851
26 488
139 465
456 262
947 96
377 190
948 463
531 353
74 476
667 97
264 396
838 394
438 516
726 306
995 701
136 582
525 212
434 855
965 928
849 892
611 877
779 585
359 147
318 122
184 961
816 466
233 352
399 697
844 876
672 965
451 326
864 445
352 129
6 900
281 139
909 569
733 213
298 590
499 195
854 971
727 443
394 125
198 561
953 490
827 257
663 639
423 506
542 884
10 173
711 871
898 556
702 638
544 904
764 787
76 85
367 320
612 335
962 266
762 584
398 302
806 411
555 153
169 614
523 327
234 816
809 534
916 286
548 926
410 343
541 119
584 710
783 46
877 959
949 466
256 545
612 60
872 193
89 230
635 229
513 591
290 960
296 413
441 596
351 185
649 33
911 827
382 705
91 660
956 656
333 879
526 102
231 420
40 785
757 940
800 947
961 191
709 585
31 605
558 919
640 916
201 866
255 435
847 735
539 134
212 102
965 864
123 517
785 250
435 385
53 882
292 30
832 59
21 832
832 938
425 516
707 345
980 210
175 432
134 737
1 469
297 578
176 797
893 736
505 679
288 907
645 833
6 977
559 655
528 81
106 101
732 209
343 451
205 367
387 160
74 750
129 171
936 581
645 26
592 578
774 244
209 22
967 733
548 449
181 152
533 115
96 384
405 992
228 133
564 607
266 422
379 275
94 746
332 171
298 983
262 826
46 861
394 450
214 195
52 282
548 679
932 838
144 256
134 256
542 413
891 301
112 443
549 799
234 788
492 304
87 688
332 393
260 446
890 623
742 708
801 246
855 831
218 245
545 137
284 91
808 581
296 377
504 764
545 890
813 922
769 882
771 368
837 735
740 707
8 156
156 780
360 655
913 143
87 868
734 481
278 283
580 911
287 475
169 312
11 525
452 681
605 536
272 63
473 594
257 909
990 169
645 626
745 746
727 846
321 518
529 217
110 276
93 58
168 143
559 156
117 180
465 691
567 982
49 13
486 218
489 198
441 427
149 986
500 474
284 823
158 776
750 998
931 487
208 505
315 319
45 234
620 610
966 626
71 922
690 624
567 410
345 389
243 190
320 993
108 141
569 754
200 331
932 900
366 184
183 727
519 164
544 944
228 185
712 230
826 370
477 54
206 720
63 73
46 889
507 83
787 389
200 553
627 322
664 504
119 166
510 710
364 719
882 908
699 718
134 639
262 576
780 669
865 839
908 757
29 508
503 293
658 396
752 511
420 943
666 899
220 775
672 16
212 329
105 799
40 858
916 923
131 165
813 833
388 284
706 307
320 250
698 197
19 536
465 876
743 401
356 895
400 924
605 592
558 880
221 423
832 244
357 679
781 5
770 822
421 694
646 215
286 524
496 584
862 321
965 90
287 186
253 856
883 449
334 286
383 602
745 369
230 251
638 196
812 359
968 464
497 616
243 124
847 402
430 632
825 666
522 951
458 917
220 340
646 856
45 351
798 167
379 509
486 435
180 762
72 451
905 915
883 61
945 174
742 832
870 277
507 273
642 578
204 343
521 403
347 523
229 228
160 981
551 827
919 823
96 777
778 405
545 486
722 869
51 621
625 646
271 112
754 20
935 41
959 167
618 615
329 732
240 481
682 216
649 17
389 790
873 563
885 380
839 290
68 349
591 985
173 868
10 492
568 14
255 696
4 2
795 777
908 616
516 101
131 129
101 915
227 296
969 767
518 942
874 548
784 708
990 214
614 674
282 49
917 433
653 30
430 105
951 729
348 818
381 72
905 789
780 487
361 681
527 682
948 669
274 828
797 868
893 731
641 664
515 227
187 82
885 280
462 443
180 952
827 403
976 567
522 495
318 522
195 221
927 148
641 43
133 671
693 503
752 925
492 664
272 737
55 750
194 518
349 973
318 356
690 907
30 440
747 710
555 652
206 665
156 502
195 392
470 955
181 933
241 250
497 80
6 336
617 359
633 554
109 815
769 585
761 876
856 600
138 955
88 706
160 223
877 958
34 760
454 913
146 478
311 824
664 351
337 585
810 24
208 698
981 81
195 964
329 474
866 483
701 338
709 608
406 694
139 841
433 628
348 577
537 812
493 616
403 896
297 133
796 249
127 320
967 384
835 786
362 308
250 160
383 478
476 300
858 445
926 858
943 856
281 404
268 96
698 669
625 587
420 443
139 277
947 394
969 70
573 348
559 281
162 705
897 786
737 83
920 429
253 336
633 162
979 906
907 153
325 260
589 631
475 187
457 916
370 431
520 694
690 762
381 45
36 472
992 510
685 949
478 973
928 854
327 940
972 551
76 620
936 725
500 572
488 220
87 108
950 426
636 279
419 526
678 189
236 290
157 158
824 389
59 612
635 965
138 893
485 386
239 731
945 475
178 657
821 73
436 233
505 412
385 829
351 510
195 642
517 209
169 867
939 259
243 654
282 514
446 273
915 873
23 187
92 877
991 63
612 160
828 112
769 881
298 443
624 877
311 595
94 65
411 377
72 899
586 313
707 11
731 816
847 690
687 37
909 43
714 197
535 465
114 869
482 897
176 732
429 134
47 299
801 787
785 374
805 891
257 829
809 376
342 378
499 382
118 660
988 266
914 677
610 372
849 724
41 535
247 785
826 391
7 382
732 945
239 497
719 59
723 60
689 252
11 968
837 460
551 722
515 328
167 709
475 52
771 611
560 254
63 773
745 182
599 158
447 442
141 807
698 100
183 929
663 934
578 974
615 425
172 78
394 133
492 736
94 820
925 777
466 61
498 81
599 917
176 469
530 764
752 820
844 231
332 200
902 196
348 92
976 59
647 656
122 903
782 393
380 307
661 532
259 588
191 357
449 78
843 826
200 776
610 515
761 661
99 26
136 16
374 128
964 714
786 214
437 598
520 502
356 538
605 653
382 542
611 4
528 560
255 485
554 876
100 662
306 21
921 951
790 323
643 532
670 937
196 612
53 937
340 315
537 721
168 364
83 27
871 18
213 676
514 163
590 790
28 799
395 4
16 831
699 466
874 986
276 257
295 551
29 599
926 735
893 792
425 14
812 965
662 181
44 142
45 205
360 289
290 20
536 292
609 306
771 607
793 27
91 32
57 368
516 937
205 24
703 745
579 279
779 201
618 307
546 180
820 523
802 42
930 87
921 779
254 575
920 929
370 40
381 203
765 401
986 430
753 489
772 549
669 171
686 763
123 209
786 905
34 866
91 895
899 698
821 979
20 305
999 582
668 485
747 904
327 440
789 611
942 879
48 921
855 998
877 106
548 990
518 754
902 605
27 309
888 924
269 336
844 452
297 31
786 77
53 634
458 234
300 761
853 483
364 148
677 181
94 25
922 812
961 834
675 940
863 242
179 829
142 435
572 316
330 179
3 107
689 632
687 221
28 558
891 638
106 986
317 520
836 520
603 783
917 235
157 633
610 333
23 858
950 471
286 504
109 909
277 82
521 517
439 138
25 114
922 224
549 399
242 639
831 533
797 901
267 106
106 414
586 900
237 696
988 16
828 585
499 197
530 915
59 447
493 479
594 10
759 964
814 767
400 63
157 264
985 959
677 977
694 81
346 195
256 231
705 353
523 155
483 422
985 552
638 850
848 291
876 995
517 585
555 266
294 498
115 307
722 505
851 743
391 632
285 21
489 618
273 565
669 267
337 686
601 617
105 410
455 218
437 379
386 501
473 190
29 129
857 256
754 136
520 336
938 67
740 459
942 907
390 627
906 421
892 286
964 755
41 348
532 5
173 839
566 714
201 518
532 590
700 568
740 297
908 525
875 450
69 519
251 492
628 778
539 235
235 867
122 115
984 74
145 456
60 189
575 590
815 63
874 537
925 907
268 402
936 124
234 4
946 13
505 331
583 320
948 707
843 415
580 730
162 623
295 649
135 864
796 702
956 268
34 405
676 68
126 23
788 638
898 116
684 703
956 308
395 76
34 260
362 905
325 259
845 972
991 850
254 778
902 300
814 680
113 615
862 852
977 510
983 160
200 337
683 300
901 765
774 133
941 748
877 750
806 554
57 25
310 933
702 491
404 298
405 607
9 158
399 113
864 630
122 608
377 565
621 267
643 761
437 704
687 736
134 544
834 31
30 593
731 740
92 878
942 228
738 387
296 379
568 884
351 159
769 880
903 985
190 746
77 482
161 751
256 988
593 933
957 92
155 206
231 347
306 110
164 144
423 588
867 339
44 842
266 704
468 238
679 640
581 370
729 391
53 965
810 704
850 405
44 476
681 609
288 826
786 68
301 821
390 643
67 530
861 420
186 236
735 247
119 862
335 781
784 201
254 215
954 233
889 437
382 730
577 902
29 739
67 304
374 860
965 279
479 814
76 514
756 428
833 432
437 255
283 118
940 234
643 403
272 810
220 656
518 203
846 196
76 528
206 679
963 40
953 2
677 266
648 624
280 340
483 335
74 912
418 510
989 885
578 256
231 517
764 59
17 752
809 620
622 704
111 460
726 788
126 983
252 374
807 862
403 364
388 504
407 332
360 975
605 795
473 240
666 614
79 628
338 718
109 472
899 797
133 477
514 636
607 83
818 76
409 442
65 296
196 982
288 521
967 331
829 166
500 364
232 898
856 252
32 526
607 369
81 675
802 645
462 496
109 641
737 952
610 422
793 894
25 484
957 691
482 533
969 690
994 946
202 692
19 982
993 135
576 489
296 866
214 867
623 773
269 546
332 730
104 521
192 16
588 716
626 690
736 94
716 620
105 97
620 576
180 597
272 616
717 346
228 889
30 51
710 593
771 751
813 604
508 72
399 139
826 165
216 703
802 410
346 14
185 388
189 596
742 928
506 712
103 926
911 157
476 992
368 729
99 347
636 18
706 738
554 269
664 325
973 453
98 355
200 805
934 496
277 979
920 542
118 375
546 754
734 669
256 870
792 600
174 52
925 644
179 30
752 364
511 925
916 426
541 468
778 934
764 847
359 345
584 873
837 557
919 941
37 213
619 877
268 495
71 506
209 187
79 799
444 168
465 602
483 135
274 939
629 429
218 255
706 934
698 630
145 670
366 728
485 696
171 922
851 76
121 367
783 847
272 295
918 226
885 373
771 701
797 787
870 235
373 385
249 659
196 398
504 510
196 263
974 181
921 47
851 170
639 17
690 724
879 760
515 387
664 967
607 809
441 338
900 520
906 780
31 365
234 379
972 573
205 426
472 743
414 142
492 666
113 715
737 497
854 680
694 961
396 828
510 678
564 501
945 605
394 301
787 334
682 920
242 147
78 469
421 913
392 198
375 109
640 444
806 489
274 150
350 949
430 892
540 669
227 138
579 161
602 66
159 781
950 520
420 515
388 33
890 441
483 101
70 583
276 670
412 302
179 461
805 257
140 889
881 155
899 964
57 553
919 281
47 66
433 774
58 873
882 519
709 566
50 501
45 759
435 277
624 511
888 551
939 741
335 500
905 597
815 62
819 443
692 939
847 329
425 760
245 487
140 85
306 173
14 586
588 603
537 543
923 108
242 452
818 208
927 310
783 818
625 813
297 887
239 357
732 829
552 459
646 629
764 316
171 535
101 474
484 470
339 301
819 631
513 288
624 493
22 290
685 34
176 126
215 311
72 63
92 162
457 619
612 316
182 956
465 16
278 494
508 146
257 268
479 627
465 161
67 117
272 719
182 628
722 331
25 905
233 814
293 588
225 560
846 792
133 915
171 96
341 848
532 47
200 560
48 10
385 642
795 695
674 963
191 242
79 523
730 96
682 783
4 791
759 495
579 429
433 692
144 545
307 239
732 100
200 893
692 882
136 453
563 478
516 165
86 345
839 117
326 328
203 415
539 345
743 537
429 593
620 356
861 590
26 303
729 228
895 880
307 314
991 364
494 972
28 480
819 407
508 812
236 259
681 410
807 420
314 725
903 527
34 829
93 588
605 363
642 279
880 822
718 570
684 638
170 800
399 845
384 442
790 118
372 97
615 999
512 934
434 636
686 182
614 765
287 937
807 286
224 903
334 76
120 216
853 816
706 744
513 189
271 677
333 172
315 673
318 704
376 945
512 371
180 737
396 998
879 417
594 492
213 904
945 699
33 449
342 309
60 926
369 361
439 689
333 398
392 416
87 227
238 117
494 227
995 410
759 685
237 195
897 474
78 525
326 242
638 581
626 53
510 984
39 418
649 506
857 698
541 60
284 11
568 134
364 857
697 187
62 144
890 497
484 578
967 151
865 693
155 399
804 560
644 89
422 536
576 959
187 383
506 680
387 65
210 548
464 828
605 429
550 502
787 544
183 763
700 455
981 755
424 218
478 301
335 428
818 950
535 503
280 569
210 535
540 431
433 237
951 359
329 44
809 346
404 986
955 713
351 711
589 731
440 814
813 403
372 69
296 341
257 57
422 511
54 678
449 849
825 558
606 613
385 157
423 381
947 499
231 736
768 858
287 786
806 774
681 963
59 851
409 640
23 302
91 911
271 814
254 978
972 617
555 403
776 835
688 48
30 67
949 183
328 703
901 308
647 464
897 829
525 820
76 796
62 28
462 601
835 193
555 206
978 698
640 320
925 353
714 756
221 964
661 679
541 177
128 904
673 377
730 378
969 898
130 564
136 72
961 38
267 319
66 834
683 977
65 410
193 333
602 675
658 145
92 629
443 257
792 887
814 500
529 388
785 18
477 630
18 643
2 284
594 674
576 185
204 730
744 405
944 957
553 665
760 248
608 522
883 640
821 834
383 261
274 827
909 851
548 21
316 849
328 176
384 354
383 746
560 971
100 1000
749 805
438 68
96 43
393 581
283 809
626 727
811 619
922 384
855 354
983 809
984 889
487 926
471 117
275 726
2 610
99 954
889 572
756 44
25 132
183 470
872 265
46 986
358 536
696 567
169 729
629 691
817 521
432 617
198 860
346 533
556 882
631 430
47 521
527 275
161 414
184 105
755 498
424 568
132 265
482 338
726 177
30 744
825 224
246 362
281 918
289 419
199 96
881 9
666 855
186 797
456 963
455 395
683 940
631 18
619 554
656 191
469 283
990 919
494 838
795 135
891 830
412 717
417 989
658 245
416 520
202 9
64 58
47 419
118 29
676 273
252 867
718 684
188 219
327 608
340 270
732 536
508 751
288 784
456 402
310 349
202 378
594 936
593 992
83 213
376 73
304 294
34 403
659 565
639 326
524 550
119 884
253 142
988 71
63 925
327 792
537 946
684 479
423 261
708 469
489 409
570 402
517 649
935 686
495 407
874 520
587 893
324 365
365 919
510 624
994 437
640 123
309 64
4 754
354 619
501 744
651 861
603 100
877 893
191 253
88 562
394 593
218 42
103 351
329 665
679 233
116 637
39 270
481 566
190 910
468 820
459 923
943 453
951 862
689 283
940 258
259 384
759 189
321 50
377 80
452 518
140 235
162 943
520 793
648 302
563 925
191 996
451 599
969 406
970 953
315 228
888 290
316 283
942 67
193 704
231 904
966 453
642 391
877 302
130 211
352 111
614 331
189 644
852 308
676 122
608 784
798 429
785 550
533 832
370 672
811 546
684 300
906 882
410 613
676 856
242 788
205 480
133 579
775 20
903 99
651 10
615 341
140 525
807 391
711 209
918 380
869 218
300 331
802 5
57 458
80 742
479 999
581 615
216 677
713 567
344 527
426 128
691 948
51 533
214 227
5 204
613 935
51 386
566 487
825 175
972 10
129 736
99 398
364 858
523 609
621 126
52 911
736 1000
40 975
807 809
26 622
583 966
705 92
668 64
192 905
377 387
202 254
19 540
994 114
297 194
827 606
221 419
782 746
314 758
334 749
118 836
581 340
619 161
875 59
527 594
895 52
881 54
606 953
475 425
349 432
405 398
667 855
575 870
615 949
905 846
358 166
660 662
776 765
121 588
248 76
488 603
489 166
127 583
738 435
461 824
44 224
462 115
745 313
788 679
486 210
609 454
960 355
499 890
529 517
830 130
290 825
916 7
233 109
975 672
211 527
565 676
35 729
414 144
253 408
96 477
715 171
45 492
708 188
676 594
275 411
597 152
85 560
592 318
656 942
18 395
954 719
204 940
315 795
726 315
484 946
219 229
124 137
507 115
327 292
95 792
646 152
561 624
670 274
213 461
964 523
267 749
415 720
454 937
721 795
72 407
424 748
705 877
373 535
321 100
565 137
643 563
61 890
104 387
843 936
259 331
777 266
146 991
193 211
578 897
986 912
532 548
558 540
5 740
64 160
890 244
505 82
288 440
682 280
430 2
914 439
257 731
408 732
351 516
136 587
122 316
361 540
141 198
932 215
945 292
193 543
529 165
740 634
741 946
909 850
949 677
744 637
480 476
922 239
495 347
316 31
257 4
135 31
250 813
180 900
306 715
595 179
559 980
100 918
896 236
256 75
519 458
354 866
523 15
724 644
907 428
391 855
105 236
641 88
467 982
42 648
564 576
836 493
103 734
470 167
932 984
81 388
802 444
458 742
351 369
25 717
172 612
36 939
17 557
824 203
436 17
208 912
299 363
674 853
3 162
932 187
997 481
472 212
701 509
973 632
202 472
155 473
108 415
296 273
424 486
43 524
502 163
338 490
71 186
516 69
64 140
174 833
20 364
677 86
494 822
80 678
28 414
191 882
692 949
969 360
936 232
755 300
875 114
731 413
785 142
839 983
145 751
205 951
171 875
939 901
230 458
434 711
326 953
793 820
866 706
407 536
447 607
340 749
291 35
561 385
582 281
89 852
96 200
147 820
831 522
244 496
580 266
909 600
452 133
842 525
884 872
202 940
828 616
318 554
928 874
31 323
399 303
720 938
115 498
320 922
372 451
980 770
30 9
180 702
876 947
584 442
603 502
414 891
346 85
57 30
683 446
665 735
719 532
885 828
651 860
263 530
86 915
198 697
39 331
189 410
794 876
247 388
30 698
68 521
330 592
863 718
350 919
703 145
544 742
640 265
694 636
734 569
682 156
579 362
739 837
853 213
428 834
71 120
94 299
791 643
739 210
756 860
209 759
123 361
797 150
592 304
868 389
173 569
84 372
677 249
588 772
903 875
392 868
1000 932
468 122
127 135
679 556
296 43
204 652
800 395
892 737
896 842
723 885
60 629
999 160
981 437
52 952
473 710
662 976
757 94
631 565
838 241
987 553
549 667
361 502
490 146
362 823
497 758
465 336
764 684
376 213
842 509
547 238
475 155
975 350
357 211
803 457
767 920
310 203
737 349
977 334
979 648
656 677
84 627
660 309
510 514
521 745
557 219
681 924
362 541
418 283
230 154
911 592
756 333
572 342
156 395
777 733
894 759
369 504
21 735
498 220
707 924
199 372
290 688
688 886
185 335
164 755
882 792
389 846
622 708
379 466
559 199
726 984
86 379
94 150
633 704
529 269
912 403
553 391
412 748
796 240
89 679
724 661
164 183
183 757
210 693
267 964
953 939
183 874
614 522
615 807
706 577
357 563
672 721
583 261
822 583
399 818
537 725
752 28
595 459
739 451
357 900
31 199
583 410
475 473
519 690
999 426
175 740
128 925
558 415
228 518
409 868
379 658
769 132
530 836
223 781
794 369
785 280
837 317
573 723
63 805
357 88
747 576
766 252
401 758
589 285
592 527
811 815
392 463
590 185
792 112
404 382
285 13
582 813
552 941
401 528
74 745
260 349
615 765
858 96
971 387
583 758
703 910
220 772
204 129
38 941
545 219
530 273
299 556
666 953
891 54
928 60
748 981
251 343
333 287
860 971
240 196
757 545
259 330
103 862
100 592
52 284
89 481
493 639
765 819
758 36
687 104
890 100
122 458
514 462
844 565
117 818
680 76
213 610
269 784
219 749
576 42
904 625
64 510
62 857
988 351
111 536
790 77
760 294
724 193
675 287
894 145
243 590
615 41
317 742
28 895
749 803
159 873
667 592
599 533
451 221
210 364
729 952
489 419
487 920
282 469
972 568
647 16
560 186
64 809
67 410
587 851
771 459
181 142
6 43
917 274
962 405
798 23
275 203
159 603
646 91
744 325
636 339
290 649
522 840
534 79
574 649
890 738
397 584
414 574
364 765
366 343
514 101
132 267
631 227
734 578
420 526
331 93
630 531
42 24
540 783
579 819
126 786
569 233
218 505
130 615
596 534
464 585
69 626
530 132
843 87
769 872
62 313
908 800
565 398
967 494
255 296
240 127
260 772
62 392
673 442
16 288
629 364
848 522
18 628
936 15
562 121
598 667
474 937
880 924
771 223
443 126
338 104
1 344
609 35
96 90
918 141
478 660
906 717
204 694
325 557
228 990
121 618
56 679
13 778
98 401
849 286
498 324
924 74
205 477
927 513
10 75
98 249
357 400
33 314
54 144
976 822
81 86
725 997
172 811
33 427
676 619
107 544
155 632
1000 709
163 786
234 655
552 808
935 31
512 214
532 153
592 900
448 461
186 989
742 766
513 572
697 463
868 160
62 251
925 295
895 585
726 957
798 606
57 586
80 613
152 882
892 626
283 24
13 143
291 565
437 799
404 466
689 730
374 458
819 107
326 105
255 93
221 349
683 680
184 604
528 759
984 473
70 98
625 409
700 429
791 70
428 296
776 485
951 527
212 247
505 363
628 703
554 550
559 331
486 77
503 929
127 885
274 769
757 462
206 380
802 607
633 854
348 21
920 345
598 897
927 53
343 274
179 803
515 335
497 582
849 489
797 585
484 324
177 308
859 816
361 635
737 348
646 886
577 779
686 407
253 701
820 653
513 35
881 937
873 176
797 363
558 989
732 320
328 646
826 141
590 162
208 172
119 414
211 851
927 905
60 937
789 872
39 121
49 755
161 491
220 946
773 164
944 950
925 489
604 552
273 642
806 308
152 513
284 6
583 674
969 794
17 645
949 276
643 729
208 744
852 577
299 707
87 544
951 783
293 417
991 30
250 14
602 714
880 24
222 251
4 330
65 300
377 114
412 567
303 457
400 215
506 711
205 796
301 265
247 717
272 17
843 458
274 579
151 267
653 69
273 388
737 956
840 630
331 655
117 146
11 781
818 151
505 752
72 781
948 822
148 482
824 919
567 161
258 273
651 330
745 379
301 205
999 314
430 531
607 817
920 281
613 436
907 53
927 190
822 384
950 117
111 955
132 732
279 875
907 386
56 974
147 505
148 38
332 779
552 500
825 894
938 423
150 879
910 513
158 298
877 690
593 123
722 417
215 828
243 559
63 504
728 108
378 266
910 291
398 119
797 164
330 617
627 725
42 37
80 368
320 399
602 29
621 463
522 775
331 1
539 484
597 321
717 818
28 103
545 843
583 791
472 105
593 711
98 255
351 211
958 329
791 385
156 963
430 294
86 388
182 839
737 540
592 505
574 185
61 90
430 401
929 566
624 938
574 942
469 932
976 329
834 461
35 496
365 725
313 970
478 268
634 110
121 17
763 590
835 973
892 810
676 335
787 686
681 471
168 593
481 169
430 226
895 42
550 755
510 12
651 392
227 100
961 528
671 837
672 621
124 918
659 901
732 853
537 289
885 369
870 239
705 368
999 457
358 467
272 426
858 787
671 123
841 836
127 611
543 113
665 54
742 4
506 820
270 691
904 5
989 501
184 305
794 709
390 248
284 539
450 271
879 474
203 589
694 965
772 631
260 963
137 440
267 557
860 612
627 403
755 326
593 103
976 105
209 350
780 991
411 678
963 885
877 807
540 665
706 177
543 518
348 284
605 957
87 394
768 276
735 302
611 276
407 259
997 495
69 736
839 508
87 635
713 52
181 754
517 8
919 420
223 107
62 175
246 408
908 699
857 37
674 565
948 148
307 4
972 306
496 123
574 202
443 580
351 823
874 864
946 341
749 416
527 786
587 218
168 124
188 103
335 496
947 242
677 37
574 439
478 488
758 212
552 145
36 2
883 609
900 619
525 66
305 999
952 933
257 836
535 169
158 179
723 185
642 181
283 1000
253 794
126 24
936 814
847 24
337 295
219 775
383 536
297 869
46 680
713 173
823 944
522 397
775 45
48 60
286 10
521 755
81 196
873 32
379 443
470 854
732 381
825 837
402 654
557 262
447 98
285 67
473 291
661 280
954 786
727 43
160 787
177 971
74 889
186 750
367 936
837 840
854 169
716 399
593 476
376 496
578 475
248 810
283 253
142 48
753 103
554 80
937 360
265 683
821 998
939 423
922 591
852 780
813 739
201 694
37 24
592 449
496 502
848 603
147 249
959 697
377 85
378 774
400 236
239 827
496 325
867 342
53 89
905 629
266 717
89 762
606 49
899 83
353 61
980 142
156 600
417 728
535 92
3 311
296 843
162 652
866 740
775 738
923 407
62 993
415 211
382 386
555 892
957 908
84 520
547 144
505 565
380 679
864 124
497 581
205 268
78 42
723 435
301 889
930 397
743 247
314 791
431 123
354 953
6 214
175 913
300 326
289 947
221 870
828 876
138 943
376 659
216 680
626 847
253 678
303 455
985 660
379 165
453 898
42 447
647 654
850 534
834 947
337 745
446 469
468 629
901 15
318 147
750 895
213 423
217 988
365 172
863 445
810 75
403 371
647 940
981 930
322 353
506 2
723 30
627 534
903 779
504 543
901 775
108 481
606 352
218 545
339 847
984 152
640 932
178 66
495 705
913 522
558 993
47 797
634 75
780 363
619 789
527 558
952 724
548 184
875 60
150 198
889 232
600 373
144 491
27 988
30 942
63 752
713 11
434 540
733 88
36 312
478 877
816 268
673 757
653 439
824 775
827 396
632 36
867 927
968 38
397 436
24 345
922 475
462 272
826 63
681 848
96 464
43 187
264 572
157 175
841 538
125 322
515 692
212 833
176 503
472 558
643 905
471 288
951 194
612 290
221 651
446 102
583 611
659 705
696 893
753 380
790 987
42 403
802 377
915 74
419 955
170 511
686 991
621 462
731 690
289 411
223 646
386 567
919 387
425 203
597 293
339 109
692 15
251 361
291 750
492 21
624 860
501 150
628 828
688 813
339 875
861 946
808 290
202 17
520 246
204 583
45 581
766 529
288 554
397 200
166 527
834 742
922 857
338 352
799 509
529 9
734 122
918 389
761 96
870 898
766 755
692 754
107 434
1 449
774 708
685 279
867 588
392 962
27 661
671 836
999 123
768 621
822 720
126 253
115 844
480 479
558 78
672 989
272 427
422 893
480 334
851 177
301 816
512 529
141 647
585 556
491 718
367 467
676 509
513 249
567 426
916 226
864 147
977 404
820 582
72 486
471 486
578 560
669 359
814 624
428 475
702 497
152 301
7 913
76 180
575 210
462 953
322 20
454 633
626 230
57 225
60 640
320 637
798 838
351 16
82 775
764 495
711 304
556 547
759 36
405 279
599 415
639 594
447 203
930 680
806 95
458 8
721 187
407 81
389 678
126 605
152 330
970 175
341 997
302 232
231 130
919 107
524 857
338 324
788 806
952 652
558 136
178 364
287 146
561 565
125 947
314 796
956 134
678 683
893 760
515 87
180 837
624 403
668 408
400 845
718 509
974 875
153 11
263 58
389 169
374 987
802 936
931 829
457 925
116 134
626 759
272 550
201 384
537 94
884 131
280 49
870 490
284 969
67 491
12 600
235 41
884 306
484 128
656 715
676 518
290 457
776 558
368 937
665 307
833 721
85 516
566 253
557 406
635 986
47 696
696 838
315 836
815 456
365 54
937 589
939 235
268 921
964 590
553 637
971 218
661 618
39 266
902 908
832 312
925 293
160 97
204 858
151 829
407 151
528 956
263 979
252 590
127 418
18 914
735 35
847 613
60 377
888 874
705 116
725 121
70 838
71 155
754 539
705 229
100 761
653 893
793 586
477 588
753 674
2 192
649 639
745 722
670 967
852 449
378 584
702 858
496 874
766 410
768 597
490 145
976 712
934 15
7 388
432 26
713 255
343 300
570 336
275 564
242 641
99 792
850 64
10 267
214 571
570 451
606 541
275 677
348 309
993 151
819 884
90 876
971 813
383 797
423 442
835 548
621 933
858 361
34 119
107 855
881 568
3 912
958 900
812 313
996 174
838 825
929 115
911 135
623 137
79 430
207 922
298 66
778 328
617 288
545 67
677 582
240 509
916 734
271 794
388 87
445 130
997 469
485 641
30 230
295 191
74 636
860 883
526 457
597 256
744 972
174 563
378 214
125 60
442 875
376 470
856 420
981 18
614 881
105 775
549 894
532 524
477 819
942 679
47 1
657 213
79 656
615 578
616 548
468 153
865 283
696 584
966 123
258 90
940 610
892 887
789 387
537 730
420 506
371 364
743 393
305 46
583 407
895 385
283 373
231 825
125 278
235 442
515 284
718 309
462 119
659 841
492 910
292 530
126 301
974 210
249 96
997 851
176 59
505 833
487 625
551 636
642 824
370 321
121 681
228 871
444 804
428 353
102 776
432 868
95 624
133 820
834 579
121 770
341 561
177 560
60 927
297 90
65 567
301 655
820 897
983 471
833 522
996 66
190 153
414 961
493 56
481 912
722 558
440 410
566 455
184 193
627 727
789 620
973 511
61 773
943 855
692 409
820 86
658 345
17 359
576 754
204 787
444 340
98 29
677 817
490 992
515 625
477 742
350 140
924 427
545 826
654 68
857 120
302 110
434 155
252 630
553 137
296 200
408 770
227 336
485 1000
109 940
516 252
520 247
188 93
316 10
64 211
838 387
930 982
235 983
790 358
60 7
227 526
250 373
110 901
456 748
109 718
572 170
370 846
460 952
482 576
732 928
936 31
534 234
131 837
889 139
732 855
392 236
609 4
64 671
798 788
430 962
913 548
244 408
354 526
141 646
860 34
897 40
404 72
194 612
266 169
831 807
256 79
438 379
759 989
206 967
360 403
198 951
659 177
719 655
998 498
67 44
712 215
629 702
82 595
998 589
727 1
251 968
233 709
642 721
21 532
705 547
869 496
545 410
250 137
863 726
248 929
433 817
752 593
346 782
919 561
669 938
411 966
160 70
159 920
716 75
865 647
807 796
114 693
21 871
562 929
448 321
625 7
440 176
723 654
463 907
448 496
946 339
692 147
60 197
499 991
575 742
58 465
84 195
657 157
508 919
538 424
867 316
830 944
905 607
728 86
491 555
847 343
407 822
728 965
801 783
538 330
956 237
780 387
432 273
586 126
625 732
183 988
870 830
961 754
528 59
323 713
749 883
453 310
384 323
599 581
818 300
505 543
659 784
272 392
955 141
885 452
673 700
572 714
944 396
641 414
590 939
521 864
957 840
963 279
823 929
865 765
669 473
462 329
45 415
375 952
674 433
452 423
54 151
283 71
42 679
741 487
467 974
182 110
930 150
532 70
56 887
219 453
464 492
930 265
345 287
933 678
592 1000
868 77
834 941
542 394
87 315
180 79
420 734
294 243
117 948
270 120
165 366
59 854
553 653
660 695
423 571
815 277
472 35
873 110
370 154
43 620
819 255
415 520
424 85
155 842
658 152
60 88
705 149
728 50
946 89
434 901
533 663
314 735
114 452
193 554
782 642
624 210
400 908
217 419
689 778
528 392
12 57
417 591
698 552
914 669
917 266
542 761
482 763
513 405
718 478
421 844
448 164
998 126
273 848
471 218
704 407
190 415
997 830
559 539
210 307
985 847
512 329
361 165
896 168
517 744
795 491
37 926
497 933
6 103
410 768
285 137
480 964
397 939
806 585
988 612
635 533
963 958
748 696
192 185
87 366
952 461
950 680
369 77
665 552
61 655
885 909
198 552
844 250
83 792
786 191
678 881
701 432
8 67
373 687
544 373
297 43
782 34
397 448
203 433
579 554
696 270
128 288
706 699
568 712
970 228
734 85
784 864
487 95
144 207
578 296
274 958
694 96
176 752
818 3
487 419
515 97
5 847
944 757
118 712
410 305
560 686
680 207
119 906
367 992
196 401
141 380
988 149
537 507
520 743
888 33
851 151
135 54
323 814
522 902
884 85
595 154
44 108
637 299
360 297
15 541
73 644
241 538
828 556
873 109
46 593
620 718
516 913
85 586
871 607
855 442
747 725
750 340
882 372
924 625
195 407
77 935
837 893
625 767
132 275
99 320
652 986
928 587
12 933
622 108
753 195
640 757
610 575
259 289
303 168
160 426
182 252
787 247
37 727
324 211
286 917
514 680
369 949
136 274
239 780
571 519
516 140
424 188
874 444
359 52
783 694
917 608
421 593
282 425
67 949
12 114
353 980
483 901
301 12
709 415
886 820
272 286
789 279
311 87
738 481
791 361
766 467
90 656
897 958
174 624
387 908
561 489
615 186
632 14
196 4
660 395
370 275
486 453
966 947
551 611
310 183
992 346
441 196
924 695
661 144
208 216
371 820
501 877
45 459
176 262
696 573
683 329
439 759
869 110
981 548
907 641
164 962
381 580
21 531
428 763
233 597
397 580
627 261
394 566
677 541
274 32
568 68
670 150
973 627
122 153
855 627
143 695
91 750
960 301
578 148
17 108
681 133
911 737
331 268
350 504
115 499
118 116
182 721
454 74
131 117
973 806
61 236
727 975
49 684
654 323
35 401
622 567
165 798
980 739
277 436
60 36
799 467
583 312
469 744
862 369
258 3
116 371
410 198
12 22
219 634
274 793
472 366
187 24
704 238
870 831
736 319
10 941
785 50
858 718
140 769
641 364
180 666
879 692
827 89
276 449
512 767
875 693
859 808
612 928
431 788
784 387
567 392
309 424
275 760
992 358
920 195
209 12
349 777
621 959
189 691
29 938
926 72
734 881
21 710
557 404
837 932
911 173
553 833
110 30
384 686
497 107
596 993
526 524
782 442
824 236
492 298
797 199
34 533
806 159
865 817
661 616
757 707
173 786
65 137
138 727
696 21
236 182
809 794
616 300
959 964
818 728
195 939
678 52
19 409
41 49
204 939
869 983
874 835
342 569
326 466
293 235
277 758
95 275
209 916
273 375
408 746
525 129
966 29
880 222
849 801
301 354
150 78
685 480
321 540
899 268
550 687
827 790
426 901
796 619
648 816
415 79
589 816
884 830
917 265
528 24
859 534
32 346
185 675
348 17
441 433
993 236
704 377
542 521
598 901
159 219
463 445
337 145
29 763
224 538
250 878
450 451
693 389
418 165
682 662
833 770
462 682
99 958
641 155
769 462
256 167
220 616
829 822
885 874
744 370
851 566
781 947
124 12
347 279
955 596
117 885
284 380
639 976
358 949
898 225
721 247
939 184
155 713
165 432
293 331
960 984
380 443
103 251
458 285
477 623
393 398
801 281
655 418
325 587
363 392
921 844
234 908
501 266
763 235
861 570
526 36
839 231
531 334
74 431
22 839
45 606
302 183
857 828
969 346
697 939
990 224
739 288
830 585
101 839
970 116
308 883
264 720
461 639
334 759
547 450
510 20
544 175
704 167
939 960
870 884
707 665
634 667
282 372
466 249
395 63
487 653
283 50
932 494
699 493
97 307
813 29
228 515
390 502
672 803
625 965
402 760
745 264
584 138
362 856
185 833
438 413
165 186
924 684
210 276
901 684
793 307
831 303
301 869
101 78
413 66
145 845
356 28
579 612
329 1000
755 366
646 3
388 791
595 729
856 983
668 970
912 921
379 66
381 528
256 417
596 793
194 117
433 779
821 136
612 3
705 871
133 700
13 608
584 548
532 460
626 419
916 227
204 781
425 200
668 156
193 36
377 327
69 665
937 165
496 83
4 143
892 465
195 867
514 681
198 326
515 640
207 444
467 291
984 119
767 340
809 12
316 4
465 838
65 268
853 347
359 422
775 183
112 225
330 184
466 296
326 196
933 356
277 256
353 122
818 36
487 467
124 369
996 895
796 595
103 131
90 750
680 172
723 14
746 917
694 413
568 801
755 865
598 973
840 161
289 685
110 455
731 872
153 334
816 186
525 542
981 282
734 89
842 610
147 424
958 608
800 341
209 39
689 285
945 875
694 46
931 296
769 389
916 92
10 35
29 965
301 608
506 530
233 826
159 582
306 950
534 630
959 126
800 620
576 140
378 833
449 483
574 797
901 51
783 606
743 783
543 915
105 675
397 293
109 219
354 130
173 702
339 554
502 10
657 881
30 909
94 192
759 214
192 856
725 98
563 379
892 501
800 505
469 292
292 291
973 852
867 209
425 966
835 655
838 338
532 693
23 34
406 430
947 246
256 497
939 874
965 998
311 148
930 665
597 747
581 278
672 542
175 581
446 996
913 740
571 256
440 894
2 29
40 344
28 809
140 947
15 769
605 33
736 304
591 114
645 746
608 652
525 288
709 3
470 537
895 296
923 685
484 429
50 531
324 438
295 656
774 336
775 41
765 157
489 386
922 74
402 635
208 931
27 456
371 866
427 980
432 814
531 554
950 416
972 680
477 264
688 255
582 735
612 278
464 494
561 976
878 394
357 381
124 88
489 589
973 163
897 792
56 40
26 883
82 855
120 32
489 879
973 483
938 44
575 465
818 582
919 799
303 242
52 946
527 465
777 507
943 450
34 464
820 447
238 524
222 113
464 953
840 350
835 875
678 279
457 401
889 502
67 878
763 413
839 800
751 722
308 920
516 325
331 521
225 14
117 8
136 521
871 403
362 161
108 353
255 190
535 88
314 844
374 536
196 296
123 792
14 985
268 575
315 106
895 383
73 396
792 624
22 343
371 179
667 622
33 526
875 771
327 868
842 472
747 497
512 732
567 126
664 775
721 810
977 320
44 25
997 909
817 287
323 82
515 503
774 207
996 331
154 664
520 381
488 34
419 724
263 142
612 699
594 346
427 65
153 684
196 809
678 570
915 852
260 359
78 490
940 257
467 861
765 372
223 703
96 645
123 188
826 603
13 872
540 733
78 644
687 542
100 836
255 568
683 207
282 620
714 555
861 648
529 374
507 936
515 679
862 242
4 160
9 718
620 320
527 788
175 201
203 256
666 680
188 436
745 913
808 662
835 839
529 400
838 903
166 487
936 61
408 630
876 39
912 198
54 759
954 449
809 322
573 297
900 559
541 641
382 83
59 28
177 528
586 16
690 342
249 766
582 200
948 930
128 915
861 415
607 687
276 267
918 846
666 159
996 698
85 901
301 200
256 401
346 467
410 576
765 212
656 360
675 212
968 42
381 235
590 993
810 414
685 51
709 705
168 313
485 157
215 100
572 290
996 367
216 793
738 22
54 349
186 717
896 28
833 670
925 166
488 429
87 159
459 284
497 161
99 757
526 602
929 28
15 467
226 720
717 870
316 961
8 402
834 2
484 671
796 919
519 927
329 602
899 578
938 996
42 177
264 203
473 219
751 552
631 6
864 602
175 108
605 743
142 159
832 269
118 110
670 721
140 324
692 809
714 801
9 787
814 508
636 606
112 226
386 119
244 807
16 472
70 175
236 323
917 252
315 180
917 672
699 551
69 202
785 308
992 784
899 316
611 998
315 37
318 836
62 978
102 239
895 422
491 932
221 211
975 510
723 17
390 320
407 610
927 123
197 31
112 686
352 157
461 981
353 692
401 938
236 775
129 91
3 702
615 261
985 788
87 448
822 97
461 807
295 291
261 479
279 906
674 424
177 704
788 416
422 674
786 705
396 821
974 382
949 4
552 818
501 653
229 926
254 407
214 34
566 311
384 627
99 382
781 732
568 215
640 292
510 185
665 919
194 457
892 272
895 595
53 386
535 514
498 595
100 995
879 611
636 813
839 392
930 676
146 247
455 387
536 531
810 158
26 417
943 414
303 63
198 163
827 689
644 25
978 959
814 425
65 382
142 490
951 528
143 599
791 971
460 761
135 551
598 435
884 676
41 774
979 200
465 187
801 780
225 373
474 768
218 950
511 367
738 161
766 19
686 234
563 822
344 576
220 211
19 936
50 814
824 997
681 720
629 170
650 609
667 901
137 946
134 696
862 544
663 689
604 216
104 586
49 255
358 323
145 812
412 314
80 466
851 318
465 15
301 929
823 828
869 174
228 826
548 501
208 602
324 401
859 121
332 223
911 175
414 909
860 581
54 436
937 544
464 382
617 328
998 767
602 188
341 200
33 143
129 668
538 875
65 798
734 283
623 343
296 470
4 943
385 955
87 524
356 410
94 274
961 117
564 22
986 928
350 75
297 93
152 888
598 253
262 60
639 451
291 571
585 578
648 578
526 505
250 214
70 981
550 451
718 865
719 456
792 951
278 134
995 656
580 770
744 528
974 574
622 515
379 300
942 472
232 831
304 412
734 158
793 872
444 472
639 7
897 730
435 647
609 208
810 857
172 306
465 312
616 904
46 495
710 822
509 175
898 164
921 125
685 236
635 585
671 937
267 95
965 140
770 362
257 69
85 600
188 571
600 555
251 585
177 302
585 266
592 538
339 424
928 764
217 619
359 481
146 601
733 563
38 587
403 186
601 653
907 378
397 936
199 476
756 763
454 696
685 705
392 312
360 140
716 345
973 326
725 741
172 555
424 760
672 646
427 511
194 414
964 686
809 747
848 143
924 44
236 148
350 148
832 435
631 61
709 324
908 632
13 860
341 447
454 246
810 342
830 877
339 850
265 603
783 441
252 989
539 155
312 538
843 552
688 917
265 932
508 986
911 613
861 986
259 130
374 347
585 904
417 782
698 745
553 170
93 225
149 703
535 127
277 347
830 681
500 20
616 853
605 247
974 957
935 810
684 746
859 628
55 75
799 84
774 511
889 973
620 555
72 17
546 956
642 133
127 629
719 913
423 372
405 217
813 172
444 689
995 319
965 497
437 168
476 934
883 152
295 318
134 120
465 87
413 175
27 619
684 46
921 253
135 358
674 500
287 571
828 781
247 295
266 354
949 47
238 30
26 918
446 107
682 829
976 18
625 843
555 86
117 617
355 60
252 684
234 995
317 488
58 296
465 263
730 323
514 820
236 248
532 445
511 822
41 510
683 955
478 69
411 28
32 215
776 246
147 786
17 22
1 649
809 114
98 475
62 614
799 619
286 698
912 261
162 892
61 310
7 492
726 584
69 219
141 254
715 729
109 714
438 896
171 775
353 120
226 486
721 492
286 596
16 104
415 112
436 279
384 460
885 202
488 528
490 66
642 71
520 567
975 505
671 976
548 109
325 276
842 398
774 475
241 662
336 755
903 253
7 456
429 374
396 577
419 288
760 122
232 307
445 657
319 168
785 768
52 807
898 545
759 590
704 752
135 330
863 572
441 939
168 941
414 918
882 230
664 397
186 593
8 337
236 33
635 930
122 2
551 160
227 180
284 469
203 143
574 137
354 273
445 198
194 454
164 562
520 298
243 923
243 815
434 296
877 212
97 610
26 430
410 744
212 405
416 658
455 275
739 412
505 118
961 827
193 465
411 262
213 926
221 483
468 89
121 55
303 653
511 366
599 814
961 581
249 859
362 218
457 166
644 606
996 797
44 386
531 566
549 455
296 74
505 547
628 503
186 78
921 17
336 735
941 430
983 855
641 402
770 310
81 173
867 986
247 527
50 736
289 824
497 957
603 485
245 835
29 822
513 73
41 823
243 350
713 514
660 127
55 631
651 852
545 457
104 7
752 830
825 41
842 969
38 782
593 69
928 639
82 962
104 150
646 344
468 274
688 430
928 157
14 214
548 906
878 401
844 33
219 668
977 960
762 694
970 124
531 89
400 437
772 405
338 737
579 933
49 914
898 871
484 551
105 814
860 906
645 306
579 562
487 239
297 494
26 309
129 517
231 332
982 524
253 756
843 342
666 709
792 952
334 623
575 919
175 261
842 2
456 729
187 347
245 449
789 724
577 943
793 879
685 457
867 570
706 996
443 177
174 182
106 168
415 72
704 205
999 446
768 554
773 154
348 236
497 57
44 245
686 188
193 731
16 862
257 68
243 111
203 817
561 54
543 98
621 894
909 628
919 735
510 443
422 521
446 498
23 746
788 938
147 482
202 859
821 366
345 605
368 970
494 126
167 940
357 978
794 950
651 995
47 746
144 627
695 506
106 210
823 598
661 439
721 244
775 467
177 890
859 354
368 263
61 764
851 49
925 403
565 188
215 631
274 103
228 460
874 896
312 829
207 564
78 932
292 872
486 597
245 685
572 462
882 754
887 327
193 383
654 28
235 996
527 59
499 923
795 70
124 282
986 679
253 242
199 726
798 406
847 666
117 121
527 564
948 543
576 198
150 105
192 223
448 841
712 518
822 607
755 616
496 581
181 432
170 778
174 210
158 695
149 912
462 201
979 993
410 428
174 317
380 594
235 433
880 554
310 397
634 521
798 502
563 527
117 728
132 820
393 672
272 611
613 270
523 26
135 464
214 459
362 726
950 511
517 712
220 728
976 870
354 710
929 304
287 570
416 857
898 717
67 196
430 288
185 401
497 167
657 735
242 245
303 342
588 128
310 666
401 187
240 365
1000 695
659 770
401 84
990 790
938 885
23 309
833 73
711 104
164 509
771 303
314 328
622 684
329 267
202 27
221 365
260 959
330 2
706 667
670 870
622 543
933 400
339 79
614 818
412 897
642 290
207 376
40 464
478 616
875 30
876 365
551 174
996 890
597 581
423 80
159 126
897 769
221 209
38 80
134 272
941 56
335 857
340 577
144 348
885 491
764 724
512 535
550 807
349 574
334 146
559 991
331 752
985 794
90 958
366 803
846 105
834 561
341 623
807 326
902 94
144 533
233 831
332 181
629 697
281 721
820 866
986 406
843 515
698 258
419 895
919 878
203 961
830 287
925 57
928 259
892 76
493 23
39 399
484 814
531 975
810 122
16 481
731 660
949 341
274 431
117 765
298 313
725 510
838 695
910 32
605 856
807 744
187 995
867 69
354 112
965 560
227 628
456 960
239 959
130 641
847 572
499 930
559 232
890 17
467 192
675 999
257 514
495 662
710 159
184 653
886 508
525 234
271 103
88 297
605 284
642 262
643 99
883 614
370 879
477 137
745 649
482 609
10 684
677 671
605 141
914 690
681 325
754 949
576 445
794 108
244 219
774 565
116 718
817 22
267 53
951 71
58 402
357 926
478 815
486 266
254 822
572 655
833 905
922 490
300 458
855 280
552 611
185 894
665 388
156 130
45 410
34 109
219 427
196 377
759 557
122 658
232 206
324 742
825 959
293 625
350 610
115 283
812 339
150 814
67 156
32 437
351 348
775 494
707 460
981 693
123 149
640 403
270 210
553 982
426 738
860 869
260 51
847 895
625 85
168 447
8 59
618 834
584 974
531 201
535 657
996 250
1000 542
556 451
104 573
402 510
131 196
247 175
101 990
729 241
951 630
754 612
590 728
120 696
988 505
588 739
25 363
353 54
308 337
31 837
697 877
737 936
330 334
741 864
425 594
465 685
620 803
606 105
126 172
862 736
899 374
314 826
409 998
687 511
301 80
12 133
770 505
737 138
775 872
763 986
305 230
516 571
515 439
225 463
384 694
160 650
413 856
675 61
958 684
940 79
707 876
267 831
508 201
988 835
241 450
940 222
216 768
821 365
848 325
846 208
684 219
336 105
47 757
786 519
335 628
906 323
815 1
919 801
940 508
722 28
267 618
303 32
633 399
431 223
436 210
735 478
57 803
904 292
8 505
834 61
392 24
356 297
933 935
806 191
165 269
493 880
938 15
672 191
411 901
325 899
847 982
563 263
865 563
38 503
352 618
424 423
463 846
299 985
283 508
984 159
857 919
967 430
291 985
627 829
23 502
598 398
922 759
161 777
473 527
173 310
175 280
468 278
184 837
909 211
854 996
241 977
993 34
580 518
598 731
712 662
692 660
680 180
220 149
628 266
757 426
426 756
724 805
83 151
818 286
158 711
399 167
371 144
633 357
618 243
750 908
366 917
998 510
971 894
163 781
384 46
190 470
585 292
234 410
357 643
555 396
3 869
243 360
484 70
11 359
521 413
415 295
238 28
576 136
397 603
384 618
424 583
243 567
616 59
100 148
602 114
747 903
198 521
414 602
700 971
994 744
612 15
246 261
235 532
363 475
878 334
803 401
972 855
12 878
856 360
514 818
791 706
9 670
784 532
731 937
326 399
735 97
919 382
737 891
316 145
389 587
411 143
909 388
29 50
355 506
830 278
349 200
701 915
737 926
158 334
853 712
247 681
641 968
948 764
205 928
18 521
776 421
943 474
871 468
712 547
865 27
991 591
116 395
851 88
796 687
120 904
179 599
555 812
37 541
610 305
561 403
118 600
728 700
750 825
767 869
895 304
2 855
991 877
610 346
106 387
91 381
793 810
2 710
374 540
944 67
927 154
2 279
462 375
961 183
327 591
138 248
376 611
548 547
660 101
517 956
973 42
565 124
8 708
85 474
68 648
458 748
111 298
649 349
650 238
105 389
860 531
75 365
887 202
726 204
963 778
748 524
658 292
454 899
56 46
757 746
648 786
99 496
998 816
820 48
751 652
114 687
756 834
260 239
544 434
854 211
195 946
783 221
679 476
97 608
34 586
830 856
488 334
834 263
710 498
454 60
537 856
832 852
403 910
944 886
62 433
446 976
326 122
2 324
754 577
478 321
939 721
49 679
670 835
469 514
631 698
438 265
505 342
774 776
222 981
857 538
287 155
36 153
149 870
944 690
955 18
594 814
443 230
941 27
825 514
932 290
419 369
591 239
466 844
339 422
120 213
896 339
950 154
901 974
722 29
560 192
607 605
577 205
570 409
972 597
422 626
464 196
37 891
105 182
472 719
324 336
38 546
773 405
940 138
1000 165
655 913
882 185
384 820
593 42
556 954
19 413
820 359
212 896
273 524
272 985
220 935
539 745
263 661
527 376
30 672
87 305
803 992
199 283
290 533
554 294
683 86
62 17
138 577
179 279
821 204
894 818
41 282
722 643
708 690
700 610
187 913
593 758
744 870
563 298
104 453
378 44
783 305
455 352
147 723
229 9
353 506
939 543
354 21
216 46
515 732
403 938
634 162
5 546
395 363
943 44
66 560
529 424
468 140
89 337
36 840
952 593
652 434
977 484
359 490
487 49
516 321
258 113
520 772
979 233
235 169
608 717
740 822
690 479
339 247
895 490
92 453
917 276
866 764
63 731
581 135
328 243
757 326
194 803
283 893
124 581
548 167
573 596
499 27
836 250
105 112
141 712
49 681
278 547
411 270
570 445
383 794
901 691
947 240
501 959
48 431
927 995
988 755
789 782
636 317
232 43
493 188
475 849
612 310
423 145
403 634
527 303
246 871
713 653
933 580
831 101
744 21
483 203
247 98
952 575
420 760
57 802
294 17
942 861
507 846
645 114
544 395
636 225
786 200
643 593
683 848
79 635
691 381
535 692
49 525
177 798
527 784
434 65
400 177
808 334
813 963
876 101
568 718
700 475
774 950
691 136
738 245
866 958
408 634
447 955
656 160
412 814
145 685
415 385
724 183
560 687
69 6
127 784
844 888
538 63
261 692
978 454
45 29
211 333
54 789
439 805
867 822
542 622
480 84
823 67
92 207
332 606
993 892
958 766
831 628
580 180
48 109
858 562
585 346
849 748
722 229
995 336
748 563
292 767
205 10
975 602
742 883
103 996
871 597
509 756
275 420
258 810
480 998
581 576
531 727
113 772
260 327
741 138
971 445
968 664
525 496
164 681
12 931
720 10
243 679
227 234
894 842
221 984
294 92
905 249
100 971
907 807
801 312
913 294
645 231
39 600
795 774
298 466
134 884
563 354
215 421
412 334
622 707
491 463
652 532
415 718
970 682
382 951
553 489
883 878
165 915
207 296
155 133
511 230
153 868
211 154
853 727
601 358
784 834
54 548
371 416
528 327
912 38
121 378
943 939
659 908
783 850
864 478
921 137
942 241
16 777
576 525
967 113
28 247
811 726
520 649
854 872
671 98
305 301
380 743
239 172
573 668
823 184
85 790
926 436
251 626
379 569
784 413
414 104
716 984
823 980
405 875
252 152
668 650
48 375
105 362
180 348
972 784
122 751
983 496
342 504
694 845
403 100
29 226
989 203
731 456
4 800
316 626
246 759
561 649
928 372
505 143
479 908
811 449
649 62
482 473
283 232
213 103
380 504
853 183
545 878
503 482
860 929
388 308
193 180
191 641
896 579
274 335
238 740
633 741
98 11
993 536
120 559
999 979
126 581
572 359
719 496
496 338
745 877
173 492
139 548
502 344
395 958
508 797
752 99
291 865
952 549
847 348
867 434
830 522
120 781
690 984
213 524
418 218
474 780
426 340
936 249
701 807
996 905
45 616
117 160
482 639
836 594
687 73
286 439
359 167
380 982
864 267
24 578
166 781
101 636
743 61
429 437
621 927
515 204
510 160
996 751
465 353
449 868
157 555
894 10
291 445
383 515
928 531
854 884
766 64
971 936
163 887
798 351
555 582
2 602
778 235
495 290
154 641
71 499
285 69
916 125
432 946
489 679
773 293
663 881
284 278
323 296
825 46
862 349
214 66
34 992
238 836
518 394
117 957
84 910
986 138
449 236
530 335
198 481
625 75
881 33
925 686
88 971
986 940
535 659
527 619
339 698
636 956
729 70
639 463
195 830
438 690
147 579
558 611
781 128
677 127
610 178
774 971
772 760
136 703
946 80
782 794
164 21
3 141
670 246
49 339
212 249
140 110
788 962
74 230
862 343
774 757
189 255
984 705
142 815
732 871
624 344
989 112
184 905
321 258
866 765
137 833
637 574
234 115
417 561
171 622
667 613
640 92
727 557
230 207
181 441
272 491
93 861
906 870
80 210
488 777
127 836
332 906
703 661
284 549
926 396
165 615
660 312
238 292
722 145
100 269
634 837
820 518
640 164
88 765
95 522
132 512
404 365
293 375
392 429
545 377
751 95
54 485
388 825
6 376
797 387
446 115
284 378
639 990
161 481
976 42
668 400
899 732
826 612
664 375
42 55
544 285
997 477
804 839
734 512
151 1000
905 220
709 846
449 200
341 458
469 133
166 175
948 341
53 631
681 182
308 692
834 332
84 147
539 501
786 491
22 857
829 71
978 899
610 86
594 691
596 165
616 699
46 194
374 351
47 367
286 749
434 928
454 295
917 597
404 632
866 959
117 247
305 981
577 982
757 7
44 438
135 777
378 628
384 403
304 900
353 818
906 568
279 558
136 776
319 595
70 497
219 809
590 712
737 148
244 396
508 265
774 386
337 247
500 677
191 747
343 441
609 323
257 470
745 131
525 581
964 187
200 264
58 170
78 297
280 224
431 955
767 647
683 354
594 315
479 975
150 869
784 322
17 940
824 332
933 662
406 894
760 542
593 386
223 347
243 569
772 330
792 759
833 300
320 409
137 245
753 936
587 381
513 626
199 115
19 249
660 897
687 686
377 329
673 372
400 496
165 176
293 75
764 921
635 454
356 557
614 875
912 603
529 260
787 877
899 871
187 585
98 100
162 777
627 795
27 977
268 413
46 222
32 568
516 282
205 903
168 822
409 130
541 889
801 980
944 920
576 84
444 412
582 158
774 588
617 761
871 180
430 970
415 146
456 65
129 45
334 102
257 986
852 187
716 842
953 392
382 338
366 951
918 990
315 375
29 701
233 2
359 469
959 311
447 483
413 143
648 667
436 848
38 516
752 127
65 634
380 53
623 852
128 432
310 936
739 742
78 436
461 276
816 877
798 941
640 27
803 633
328 599
864 633
277 418
812 761
446 11
299 359
172 751
981 783
843 866
146 462
84 924
268 637
35 858
270 23
164 574
471 914
5 298
133 357
355 173
799 900
162 994
674 587
969 937
41 478
79 562
734 804
818 702
622 732
36 711
311 607
796 201
782 101
947 79
417 1000
568 280
737 679
559 90
211 200
139 551
966 40
821 731
75 905
283 708
467 35
605 281
491 857
329 6
866 871
465 582
999 1
50 856
658 539
475 493
935 783
707 710
905 946
943 590
895 453
614 299
513 306
91 298
591 233
45 245
37 261
818 439
582 420
405 797
797 747
708 474
859 862
200 241
42 540
744 398
742 169
982 890
717 485
114 793
152 483
1000 167
489 678
972 821
169 544
497 483
555 244
959 158
639 906
731 471
971 324
395 28
375 500
41 280
839 729
367 656
781 588
672 968
108 352
843 927
330 806
493 794
320 368
69 603
344 118
805 471
860 902
916 912
222 123
730 438
804 657
516 936
520 40
4 345
45 627
965 674
669 900
218 885
438 546
666 705
334 627
430 70
982 627
222 804
26 211
619 176
800 502
14 560
951 273
936 214
404 980
244 139
316 296
657 300
883 500
115 926
296 708
922 184
654 755
949 737
344 720
651 347
263 17
504 278
332 564
116 227
195 975
409 773
569 551
487 580
988 943
755 972
955 286
281 451
559 912
160 764
113 572
727 227
363 948
716 624
595 597
466 739
450 252
789 893
872 477
148 146
216 545
587 626
532 209
557 514
831 103
483 205
891 216
792 429
282 711
542 377
500 749
622 725
313 511
77 622
320 753
687 661
636 227
730 360
877 7
515 540
870 734
795 828
373 856
959 993
66 880
769 323
14 464
640 527
152 857
562 752
502 231
912 399
30 862
291 986
847 753
577 21
830 993
989 575
174 901
691 29
892 682
624 8
92 534
583 360
749 640
515 984
679 853
187 379
957 339
248 379
339 36
675 670
738 354
666 455
407 743
157 752
348 910
395 167
948 825
1 364
771 768
386 318
461 858
948 936
957 934
460 767
572 707
339 144
719 924
694 170
42 581
534 754
183 448
556 94
280 225
100 290
824 478
55 522
224 526
940 332
976 120
578 708
857 395
855 144
574 556
18 271
344 773
94 546
946 755
1 612
108 650
866 998
367 603
226 861
118 471
635 251
542 341
564 181
143 298
22 681
665 814
740 342
155 456
971 557
476 644
369 988
79 601
744 672
160 273
677 212
244 527
68 436
624 933
240 194
383 68
40 182
792 837
425 892
669 513
174 929
325 495
531 480
239 852
867 408
425 653
724 503
11 580
230 328
468 309
273 449
737 868
102 278
448 937
911 225
932 43
535 158
885 213
103 184
179 600
883 428
276 326
615 93
762 499
391 23
619 422
407 733
435 883
15 59
775 941
462 88
393 539
723 39
152 758
898 280
59 796
333 149
667 733
779 7
854 985
637 455
271 739
439 113
149 259
523 58
797 695
581 768
221 657
200 293
493 352
111 81
441 61
149 372
979 573
987 538
846 783
102 527
216 618
570 853
73 795
4 659
904 385
78 548
427 284
158 412
34 662
753 278
937 607
313 552
939 249
798 844
855 805
843 869
806 363
980 188
868 176
434 338
930 591
455 488
113 145
385 962
80 486
920 544
943 311
696 240
643 427
938 853
353 467
886 167
597 176
819 234
75 170
541 393
389 684
448 120
156 681
29 284
468 107
624 961
930 896
491 58
735 983
761 296
961 830
121 58
545 680
433 214
418 610
771 186
455 486
315 214
813 299
904 537
762 309
727 805
837 165
766 277
732 925
926 613
253 815
718 459
162 321
932 301
521 798
719 935
701 632
564 868
690 747
324 445
917 64
168 705
498 376
845 222
774 218
133 738
850 884
907 455
858 411
314 457
165 93
542 209
301 701
842 867
518 595
262 808
740 711
38 771
114 413
213 295
893 389
782 734
498 911
264 939
375 503
416 102
311 879
757 715
345 45
635 163
873 762
182 57
344 456
217 126
436 280
731 908
331 194
4 36
667 364
687 865
9 842
545 776
658 41
252 576
666 556
440 697
763 180
916 874
877 324
571 889
94 54
346 281
162 846
104 746
68 996
369 710
690 248
70 94
589 966
24 898
645 608
504 982
874 508
183 906
884 821
75 969
120 922
248 207
528 385
992 222
701 698
997 579
746 837
453 273
663 354
166 958
44 242
372 231
106 439
344 868
400 562
187 731
133 548
867 876
707 963
546 219
729 851
470 943
898 448
883 825
573 706
285 282
489 359
508 197
551 547
128 91
556 123
738 994
779 220
301 528
439 646
704 829
689 592
157 113
380 126
474 247
256 732
892 1
945 516
885 860
406 963
647 643
342 145
381 757
610 673
536 772
904 296
429 176
462 878
673 509
506 422
678 878
431 572
807 846
222 314
581 134
515 543
473 192
269 775
365 306
916 966
611 422
351 227
579 900
191 586
88 937
691 200
182 887
933 352
222 84
494 665
922 694
833 17
541 448
506 235
981 739
300 661
891 756
760 554
706 547
193 412
965 790
503 891
822 929
932 161
880 242
577 310
138 808
351 336
399 769
326 867
221 87
600 320
112 554
519 673
90 675
797 799
915 240
159 22
295 470
97 331
651 326
853 582
399 596
183 317
232 675
426 857
413 824
909 659
3 728
152 62
10 164
46 606
986 250
533 72
458 786
756 263
211 505
703 792
825 906
698 504
347 218
891 409
87 148
695 469
114 273
35 167
702 150
164 703
708 832
892 37
488 291
198 754
15 472
475 316
318 43
835 351
602 126
46 648
997 511
70 587
256 711
464 602
485 828
235 665
680 570
364 963
661 793
79 600
649 225
812 859
853 1
563 765
378 99
360 682
970 303
596 485
604 279
182 706
978 613
857 864
749 722
734 62
274 520
41 787
39 776
795 470
377 139
767 434
179 957
566 575
628 596
476 201
188 181
358 237
676 194
274 810
115 936
927 467
842 313
92 392
383 667
480 490
79 178
600 459
309 697
145 936
720 752
910 87
283 806
656 316
675 104
183 257
811 600
573 665
923 886
963 293
346 289
389 275
267 891
186 377
494 720
685 865
63 221
711 737
877 761
567 349
806 575
632 408
171 116
985 680
12 796
143 250
769 703
219 352
609 952
60 804
123 962
523 360
981 668
51 603
935 255
207 804
354 440
725 679
342 217
859 417
199 192
626 108
476 843
938 48
976 387
501 424
105 683
787 173
226 977
50 663
412 318
821 918
230 576
723 664
173 711
395 725
910 212
549 828
109 902
292 442
459 767
874 630
47 432
680 963
113 556
95 452
154 54
347 968
572 64
443 28
814 253
712 579
970 775
75 745
465 725
136 883
214 840
486 45
624 398
953 712
805 599
771 859
149 979
906 766
689 198
393 513
232 631
487 717
237 762
727 507
309 270
936 568
941 313
820 702
289 818
487 947
510 528
235 760
422 630
902 428
85 664
916 120
940 134
636 277
627 458
60 857
308 245
243 578
461 391
313 368
367 557
490 780
166 55
596 712
133 310
174 31
155 258
728 448
194 292
549 766
109 183
346 667
844 430
402 217
893 371
463 960
708 717
697 692
334 855
925 604
969 724
805 422
18 792
535 285
942 257
725 255
527 937
969 677
18 683
457 409
574 460
188 31
540 292
592 702
179 836
382 861
643 53
202 431
776 402
886 477
233 499
710 15
213 557
396 451
309 942
515 15
990 303
629 117
174 142
512 775
839 574
221 227
651 460
138 252
447 609
876 449
988 139
797 939
210 7
713 228
738 529
977 303
284 945
160 655
825 659
150 626
861 11
912 819
570 441
238 299
664 190
332 788
299 229
638 776
161 132
786 788
343 244
800 846
891 508
357 264
677 873
548 615
904 459
172 915
891 365
809 475
967 976
470 104
161 343
789 605
494 461
223 241
820 69
204 967
716 54
365 160
848 186
520 281
42 197
795 897
448 276
669 158
485 775
472 154
951 770
553 727
611 425
98 236
771 844
784 557
527 239
126 678
161 546
207 419
833 16
374 432
505 71
892 565
371 176
717 702
60 135
754 645
888 623
176 539
672 368
1000 797
286 720
917 594
951 375
46 381
521 117
193 701
162 676
605 240
491 944
322 327
130 134
22 408
547 335
376 255
803 2
966 562
932 358
334 184
68 108
659 707
496 94
826 80
817 143
78 189
445 646
120 371
319 189
512 303
608 152
202 889
828 917
509 752
557 322
557 906
778 49
696 666
398 294
385 681
354 546
171 152
318 89
200 632
440 199
388 175
891 230
370 641
803 956
971 270
497 443
134 590
748 948
307 134
824 28
588 13
722 839
873 689
748 971
473 933
677 321
626 299
682 489
403 520
832 406
995 98
887 432
635 475
411 21
70 874
701 204
700 260
882 611
558 926
154 416
654 365
823 494
245 895
329 158
883 739
115 653
169 357
351 629
435 550
143 793
992 953
844 954
188 182
395 884
325 507
666 473
831 801
206 950
112 599
797 994
185 220
301 147
235 403
275 520
663 677
614 157
176 67
784 258
631 773
58 107
86 565
642 453
452 295
327 949
100 369
259 146
945 866
747 538
752 896
604 161
425 352
402 671
21 327
868 894
604 142
536 48
220 553
295 57
557 422
906 238
545 294
232 103
623 101
720 204
226 541
602 998
142 775
165 494
699 682
763 591
962 56
946 661
492 335
844 52
848 191
815 405
731 115
855 916
658 945
420 899
916 520
169 133
596 548
333 906
649 257
268 719
911 791
401 42
477 735
886 165
744 670
265 523
623 654
41 108
901 437
887 261
501 122
1 750
697 633
295 964
540 397
338 425
28 540
835 916
235 192
19 835
847 457
723 215
762 307
55 975
453 170
794 118
427 515
135 850
175 573
270 975
378 457
36 277
720 846
684 681
315 438
813 459
483 390
529 924
732 189
495 193
701 630
408 195
712 945
915 756
43 994
391 795
196 241
971 829
897 178
560 84
907 505
587 877
414 219
253 337
419 547
708 251
195 456
271 999
542 102
670 187
673 245
351 453
103 832
346 817
954 662
958 246
906 277
302 890
543 600
132 107
34 696
199 278
476 953
989 912
407 453
503 188
968 693
346 745
330 722
166 52
527 101
30 583
781 474
284 214
86 366
490 559
237 274
972 331
60 269
710 467
680 642
308 579
212 39
412 545
895 802
330 142
630 53
689 549
69 267
966 11
273 510
183 791
660 453
196 642
583 278
326 773
865 213
336 773
631 522
301 57
88 442
913 703
127 891
673 659
349 301
371 269
300 247
249 745
484 534
92 252
571 148
917 384
573 510
758 570
941 122
409 921
448 689
199 157
614 165
617 839
300 21
530 950
604 75
591 383
387 863
279 853
638 958
50 703
253 388
724 707
967 685
604 873
567 279
346 572
147 344
497 803
224 613
285 58
834 316
385 210
26 954
480 846
337 843
643 809
435 990
717 232
654 637
63 458
835 357
13 737
506 309
214 98
15 119
308 483
181 795
599 673
276 513
830 424
373 515
394 756
859 488
790 810
722 864
799 968
467 563
928 47
341 470
330 857
459 951
903 926
777 286
329 391
457 346
682 703
853 476
69 461
827 753
972 510
746 221
178 119
418 183
35 450
351 528
161 193
908 805
984 387
53 902
572 154
866 955
885 77
961 917
250 468
141 291
440 848
809 329
222 918
116 445
542 689
580 524
362 409
417 608
659 613
932 385
550 592
76 995
282 378
818 280
932 272
975 564
224 965
448 669
915 703
383 967
124 725
768 811
592 623
831 355
890 908
281 476
417 172
935 358
37 935
186 355
204 685
271 942
698 390
419 763
775 270
542 47
363 802
849 983
308 161
469 532
94 662
590 315
298 923
150 1000
215 702
651 661
104 70
530 606
379 92
380 243
369 102
100 146
212 564
198 515
661 581
55 858
317 399
14 145
15 248
815 353
304 897
887 546
363 366
626 296
700 551
863 21
942 604
398 5
377 318
252 906
329 419
628 597
173 626
320 42
672 447
590 260
273 164
130 295
293 169
866 125
283 335
321 688
432 331
59 484
207 164
979 311
391 477
448 829
53 922
331 712
723 826
300 921
897 745
257 842
511 451
404 911
940 713
779 717
709 388
936 800
666 73
23 526
797 993
963 857
429 477
896 478
41 749
334 106
120 178
250 829
474 361
569 50
186 37
205 455
940 126
599 667
760 308
306 842
63 651
854 591
60 960
791 297
375 857
858 309
142 746
685 752
523 285
929 70
189 390
906 382
928 282
730 922
397 633
973 262
901 57
995 338
635 811
854 11
640 259
678 805
806 366
772 298
114 342
886 920
47 894
393 355
930 586
934 2
231 827
62 345
193 30
397 428
770 646
769 889
295 515
131 320
973 761
46 302
338 644
502 179
628 869
130 664
496 504
320 54
253 744
236 506
454 65
202 38
683 701
357 666
287 355
733 303
454 464
898 359
848 651
667 193
939 868
462 117
356 946
144 2
54 517
456 308
183 931
467 464
780 439
417 703
185 715
797 852
616 917
895 333
755 726
202 762
41 696
941 21
799 139
159 232
931 3
436 611
736 86
456 97
55 395
408 196
392 713
465 501
564 871
504 365
50 521
987 360
474 333
793 215
243 8
685 929
693 438
509 853
113 532
609 655
917 190
651 110
562 536
29 782
141 896
664 211
314 468
668 747
377 856
67 244
968 841
697 141
642 534
592 853
596 901
483 324
416 155
859 225
143 216
54 397
829 521
21 572
707 437
450 950
629 448
343 916
570 999
534 778
939 230
868 192
465 593
360 951
624 868
866 481
95 977
687 765
672 170
74 732
476 728
596 569
136 503
981 1
378 54
680 657
682 430
77 294
273 211
493 568
23 491
883 813
974 660
991 350
350 338
978 555
235 152
317 891
212 151
473 677
168 213
106 410
746 686
162 559
569 718
953 776
164 97
410 289
534 174
349 300
905 978
598 801
948 976
475 378
883 361
242 547
140 728
785 533
453 431
183 218
367 425
735 11
279 743
929 450
233 77
926 497
875 539
163 999
592 531
827 348
557 203
669 433
889 651
546 188
765 40
72 299
551 941
792 100
100 409
800 575
871 700
581 634
930 206
901 351
377 997
930 289
180 384
53 190
570 776
856 808
170 122
178 673
109 119
96 782
136 181
445 149
640 741
895 83
251 347
783 226
723 741
504 557
984 247
734 295
591 540
939 625
339 861
892 567
969 758
613 116
903 703
939 654
210 530
339 970
875 268
71 259
364 271
170 976
764 224
249 57
451 661
88 377
453 79
277 497
575 768
979 139
597 824
177 133
231 78
913 777
495 949
745 586
653 199
33 966
107 341
977 790
366 578
274 852
850 247
244 26
563 742
893 691
932 273
222 689
171 577
906 692
249 885
893 804
291 376
315 366
970 918
686 339
335 611
928 819
765 234
927 175
772 876
24 460
119 557
360 420
307 930
231 611
660 217
661 128
475 917
646 988
855 78
124 436
119 123
314 396
871 441
683 7
376 15
632 605
425 191
237 12
968 639
327 420
906 445
393 326
18 45
735 328
791 618
204 768
497 266
61 905
354 245
501 322
799 943
915 310
809 863
189 37
227 462
781 481
585 736
485 906
397 24
951 913
383 243
916 852
374 402
231 319
838 365
641 807
658 255
572 345
740 519
634 14
943 226
526 446
822 785
792 561
973 903
853 721
269 768
274 918
349 114
810 740
480 143
213 739
435 601
709 824
663 449
214 803
213 41
883 432
117 800
463 284
159 247
442 864
993 801
980 537
324 69
715 796
2 705
833 933
957 823
542 991
65 716
210 495
820 596
214 495
641 175
376 618
642 563
647 294
261 231
379 138
108 964
26 425
185 437
740 129
246 606
411 695
263 686
947 617
711 512
270 254
364 749
369 1
761 775
322 153
855 801
839 348
386 634
284 93
877 58
803 811
481 681
924 109
156 903
782 119
179 478
791 767
652 679
249 294
179 79
347 901
645 342
44 823
27 3
339 789
411 352
123 698
969 654
731 827
420 242
576 888
886 69
178 60
988 493
407 395
907 459
481 85
822 620
474 790
515 20
917 648
59 368
296 862
455 706
410 202
624 306
702 635
790 121
684 532
923 408
27 591
893 650
451 395
110 652
755 729
681 734
186 228
921 111
996 661
337 272
891 143
943 570
15 955
399 536
326 584
883 317
6 842
998 222
619 279
497 987
578 836
686 395
865 258
746 158
227 710
399 318
258 970
74 671
285 419
488 49
159 414
879 65
755 21
592 641
152 488
636 272
820 991
643 958
806 606
717 113
384 779
837 936
808 910
806 425
916 345
683 62
226 575
108 703
623 232
860 718
242 309
961 289
9 108
507 187
381 862
973 442
522 722
942 955
579 799
874 917
212 732
678 977
825 387
184 373
921 892
756 710
613 740
597 239
263 961
657 842
145 126
623 575
964 430
448 41
729 72
858 208
178 724
161 869
960 279
496 372
740 991
10 790
1000 804
326 232
109 760
735 836
261 935
960 82
780 453
992 151
334 308
166 720
287 187
827 147
405 489
888 419
45 50
227 851
102 173
509 165
550 901
441 445
538 85
831 712
561 476
299 284
840 149
1 37
129 104
756 9
258 652
650 666
888 129
45 212
261 796
68 11
34 167
767 907
54 34
770 275
519 492
479 563
336 323
558 370
444 790
225 86
780 920
964 77
675 178
661 107
258 942
116 910
319 235
964 220
72 300
181 214
994 779
684 211
489 251
273 592
95 958
664 95
405 655
1000 23
449 745
214 241
140 932
460 145
911 58
234 866
53 302
274 205
773 37
812 589
483 65
419 557
915 428
521 37
355 155
746 885
930 627
316 790
374 4
382 736
412 353
386 836
832 316
246 66
856 434
900 177
682 274
295 15
624 505
874 570
47 388
16 344
573 92
241 731
965 144
939 798
687 212
536 917
283 274
411 473
468 286
309 798
623 934
449 851
611 870
595 365
526 783
943 815
966 388
533 559
277 353
975 126
528 481
853 400
280 810
364 988
489 148
988 106
715 994
789 375
16 947
148 208
721 754
443 404
321 988
620 684
110 422
580 326
107 912
823 894
60 10
152 433
120 485
824 483
973 62
155 899
686 669
835 37
251 826
413 455
414 928
242 155
264 777
237 148
422 494
184 505
764 107
628 74
30 739
416 51
694 666
216 288
768 439
443 282
322 425
600 361
243 861
212 276
307 56
398 865
554 27
645 224
630 294
299 940
304 786
613 293
213 174
30 812
741 368
2 457
313 760
390 864
856 398
729 128
295 989
791 952
283 321
191 840
359 474
217 453
736 595
975 617
277 419
211 163
435 555
184 873
141 870
284 588
45 856
562 66
98 50
624 279
654 168
24 621
405 432
353 999
301 127
672 637
289 607
163 98
699 404
591 98
210 59
836 795
766 476
694 361
143 941
658 723
36 323
757 263
336 749
923 733
343 788
177 275
31 456
513 345
471 145
698 215
736 14
76 743
920 325
59 787
261 435
483 767
232 317
584 388
284 619
141 922
950 464
811 890
531 489
100 451
82 690
102 689
416 258
586 738
518 135
510 686
158 969
551 197
402 956
100 33
88 553
199 303
602 504
458 615
521 131
26 867
694 614
381 697
679 246
352 259
167 290
528 816
636 177
947 774
640 686
894 873
346 643
400 345
65 41
838 684
216 171
587 492
308 763
421 36
832 501
703 466
972 433
188 384
924 268
654 221
322 602
287 476
731 826
473 990
511 50
600 206
259 183
409 326
527 966
770 857
245 499
780 290
528 267
589 942
329 8
151 323
374 546
690 51
504 34
989 101
386 368
916 260
110 653
257 197
223 918
707 605
728 608
90 633
141 587
626 663
498 855
590 778
223 807
63 910
619 278
439 98
756 928
176 241
915 614
772 805
702 674
907 119
284 591
198 909
829 805
815 886
800 533
87 235
808 992
220 520
518 99
612 282
150 807
603 73
532 59
897 450
954 661
8 375
583 536
985 313
87 457
569 58
455 165
173 978
910 310
142 913
476 811
222 323
369 189
122 863
692 39
89 14
435 54
164 600
545 324
740 363
27 192
230 969
981 15
322 412
658 34
877 174
36 658
630 366
334 859
562 710
708 594
40 228
574 353
394 646
575 520
779 843
796 811
174 883
838 426
18 679
463 147
49 763
529 49
474 888
736 539
420 102
224 367
942 487
874 505
511 308
3 540
116 420
188 889
795 259
944 711
121 330
88 627
269 728
699 367
775 722
903 281
889 845
192 491
417 458
555 876
186 249
277 46
922 309
68 24
180 991
769 142
733 245
611 81
106 451
751 273
550 868
475 26
665 510
578 937
441 15
120 458
871 553
345 698
731 250
966 775
107 392
170 234
349 799
8 565
910 570
198 888
143 137
751 100
57 72
521 505
707 2
942 626
599 16
820 803
413 403
604 906
473 440
256 466
564 830
721 226
648 17
504 598
769 532
790 958
863 284
317 360
302 516
530 283
415 534
270 38
218 287
492 146
735 342
757 682
100 991
458 145
97 567
615 536
596 607
781 507
430 283
639 539
964 951
34 6
554 183
848 920
478 231
182 792
464 913
447 465
175 205
329 372
402 475
494 781
762 37
853 330
697 967
305 748
628 974
496 657
919 51
135 608
763 437
31 915
452 740
434 859
251 762
918 393
520 808
171 788
279 321
67 967
288 764
200 504
225 151
577 698
7 315
465 640
193 689
723 971
164 357
179 578
201 158
317 720
949 719
306 579
932 275
71 833
500 829
229 345
943 765
867 318
784 709
755 769
917 18
536 491
977 271
704 449
836 198
785 640
895 201
312 474
662 462
422 547
600 641
698 509
979 564
789 953
591 461
534 623
449 752
30 439
884 638
884 488
9 376
337 795
416 342
769 342
975 971
591 739
158 206
265 87
696 963
596 814
83 853
527 440
824 177
256 557
434 37
161 736
844 99
312 884
243 860
317 509
528 868
411 120
798 628
914 113
588 920
271 412
493 732
408 994
170 257
819 148
658 106
507 576
164 487
917 815
791 842
848 900
478 195
766 950
692 829
244 900
822 347
769 376
653 950
982 578
72 749
911 578
398 563
331 636
294 576
867 414
943 861
212 201
907 193
917 626
150 904
478 396
934 580
483 189
419 126
662 942
618 544
656 19
253 773
435 712
845 577
663 304
442 180
44 288
746 902
144 342
1 243
224 996
390 463
999 329
128 250
827 890
360 371
603 721
309 422
572 620
524 463
604 189
426 277
432 679
104 903
876 392
237 853
518 132
370 118
261 229
194 136
983 392
397 997
91 816
632 673
609 947
298 468
924 986
66 462
566 259
949 441
365 66
630 758
796 284
672 930
13 550
331 79
901 183
958 56
320 508
946 608
708 583
804 902
307 230
420 911
721 468
722 807
190 785
359 650
6 972
182 247
736 931
8 144
402 257
442 818
539 320
5 676
523 588
108 25
493 593
575 535
264 497
28 378
257 43
435 360
454 68
222 160
369 732
281 166
330 193
921 418
714 363
153 840
136 538
545 674
89 542
315 236
334 312
406 133
300 888
926 988
563 770
987 734
664 747
511 480
794 114
12 155
646 606
828 277
41 701
617 734
769 386
661 753
395 114
319 492
49 235
952 457
244 475
449 926
964 107
345 673
784 497
309 442
295 251
910 874
181 240
57 450
702 562
243 299
335 849
302 924
194 893
363 862
246 36
532 85
950 633
898 651
4 750
170 242
800 645
363 751
643 817
846 924
426 43
652 674
484 869
858 54
445 444
132 750
994 566
740 54
640 284
296 450
994 681
498 536
97 923
740 763
83 728
620 337
914 200
183 589
830 972
407 901
598 376
411 334
931 535
126 617
398 632
737 708
663 180
518 857
176 628
178 478
749 661
174 853
770 971
175 511
178 433
269 838
1 488
662 999
516 251
158 68
652 137
24 678
439 755
58 461
591 37
322 693
544 906
608 915
951 189
849 479
451 331
105 127
413 814
175 819
380 807
950 127
715 806
220 344
8 984
280 29
764 925
690 536
360 331
50 699
159 495
676 731
879 444
77 82
472 692
508 50
303 409
168 961
333 441
211 869
307 610
364 529
733 696
419 848
777 838
838 270
851 693
265 58
69 996
316 579
685 582
414 612
697 392
324 704
848 236
540 722
82 812
503 156
630 425
781 617
48 883
296 333
403 755
558 677
541 297
481 791
929 591
244 562
540 103
209 849
672 407
122 82
910 145
87 784
511 100
38 380
219 730
248 420
515 944
130 462
737 921
631 708
785 170
568 582
518 6
685 401
758 201
943 826
947 426
306 286
55 185
476 146
748 290
780 122
583 391
988 245
865 102
774 600
832 873
7 331
961 651
861 402
497 647
828 733
814 792
470 594
262 526
91 363
276 399
828 588
23 658
824 647
433 997
474 256
132 718
959 283
462 353
428 337
640 233
901 670
946 743
632 275
940 180
669 402
543 539
531 625
378 293
353 769
717 422
313 96
24 237
265 197
881 677
932 807
35 166
6 348
356 145
986 40
825 110
424 561
557 607
561 612
302 694
845 292
302 545
913 396
553 677
661 690
477 581
646 430
887 30
579 985
434 312
363 354
541 269
730 454
142 360
754 448
113 456
814 414
585 630
72 671
417 506
183 693
404 710
131 6
776 369
5 609
407 973
669 538
877 407
735 434
844 544
597 872
139 384
486 985
641 966
969 497
746 964
853 591
712 557
451 515
795 871
568 977
224 135
136 861
432 500
141 468
453 322
817 121
340 596
385 83
573 546
645 981
715 785
773 999
777 688
607 916
756 498
855 534
450 285
252 145
306 985
640 935
423 114
483 479
891 458
229 175
251 875
959 940
575 360
134 982
665 727
663 868
265 225
104 23
450 63
803 609
49 970
405 709
372 776
928 286
433 976
623 593
38 873
12 428
864 246
173 910
965 466
707 362
782 344
216 399
246 107
801 647
613 892
626 602
669 954
184 348
772 421
759 55
482 65
790 577
866 315
973 757
244 763
350 496
152 873
338 640
9 672
964 904
288 377
537 806
848 609
852 873
84 211
93 283
28 490
952 584
301 447
411 387
608 571
398 703
771 163
404 568
719 478
409 102
747 32
196 314
433 88
387 571
483 942
942 171
304 203
656 112
125 381
490 170
720 835
131 574
387 584
101 500
893 888
522 240
474 678
824 720
987 364
418 33
16 915
522 443
278 541
980 687
526 390
417 255
929 210
581 707
647 97
512 492
472 729
915 985
690 193
663 795
560 472
483 507
673 799