926 1665
654 657
462 390
448 720
164 789
667 285
135 814
191 679
918 594
37 553
652 429
213 2
95 663
460 477
44 138
619 179
657 847
675 56
37 496
301 59
802 736
812 611
528 587
807 856
81 756
533 679
649 682
226 307
639 165
397 453
900 569
488 154
197 574
237 76
464 744
191 826
747 736
127 669
221 419
836 640
285 60
686 642
254 206
178 796
787 4
714 707
351 82
760 668
10 775
108 325
57 513
149 107
559 389
708 875
512 673
424 507
799 200
839 876
55 567
539 80
332 546
705 579
527 672
164 461
420 492
558 206
279 870
161 354
897 824
336 638
448 167
248 497
504 894
784 848
453 809
3 372
455 494
794 322
479 300
378 420
35 656
680 16
487 722
360 886
638 617
537 346
705 870
499 419
689 183
542 339
873 568
306 52
255 875
268 563
254 703
719 868
777 677
373 365
429 203
312 582
495 117
796 232
808 294
773 744
673 854
382 770
773 467
884 61
832 43
834 707
806 613
537 125
280 541
11 98
837 274
622 141
680 713
427 559
636 597
765 524
184 758
764 904
637 785
726 578
561 924
676 776
880 798
336 641
758 644
351 371
785 880
56 512
274 810
117 271
807 324
593 259
149 362
140 545
704 614
752 428
17 146
399 571
516 713
350 586
551 287
555 149
646 236
501 248
718 580
29 812
415 244
734 580
494 72
783 542
176 121
861 752
398 886
861 358
575 658
32 679
841 714
132 248
299 812
457 500
312 924
495 660
667 908
769 263
477 453
634 399
321 408
926 239
436 514
104 722
764 27
693 17
132 231
709 550
644 346
357 668
210 878
654 507
16 59
311 545
225 886
426 483
706 465
413 231
303 263
844 41
349 379
660 683
40 41
314 712
598 572
376 496
585 649
536 663
328 663
419 237
97 283
171 636
235 872
35 279
368 642
222 118
79 445
525 104
511 504
602 813
849 712
294 690
169 849
409 341
232 58
379 317
549 9
719 377
568 535
730 261
421 476
96 648
619 74
802 742
825 165
535 200
59 678
706 790
302 173
489 261
568 875
538 79
451 695
161 686
898 343
442 414
26 209
398 657
294 861
212 779
679 913
886 10
317 773
822 216
167 614
520 160
61 256
140 734
672 188
685 118
634 622
265 705
765 200
93 715
885 607
801 608
569 73
453 427
609 83
148 329
828 864
904 177
635 73
780 361
767 806
163 377
665 645
595 708
196 759
287 791
74 897
114 446
650 162
819 220
697 389
37 39
826 611
386 298
667 400
777 61
264 413
377 116
31 537
198 433
490 246
617 244
358 385
611 491
276 508
811 22
498 201
490 850
180 397
454 233
238 255
772 6
175 636
786 797
790 43
676 457
272 777
113 701
354 234
265 830
103 778
622 835
205 299
157 861
215 246
471 104
682 761
9 767
746 791
52 78
860 677
779 872
446 322
841 439
441 290
684 189
798 518
287 770
454 534
293 668
367 48
743 547
823 182
826 195
104 513
320 74
908 843
268 490
845 118
790 420
855 616
740 227
221 765
361 438
479 238
712 649
618 296
908 399
135 620
264 243
630 894
242 151
776 419
16 104
605 170
591 294
814 515
284 538
603 905
796 258
462 850
158 829
70 579
842 859
66 369
186 38
198 295
231 421
657 790
435 599
29 157
323 726
899 555
389 885
191 441
196 511
630 386
667 251
230 138
624 759
91 746
419 892
799 383
692 717
182 908
232 756
879 489
222 377
591 421
888 479
191 893
503 368
346 64
873 146
636 731
30 318
655 484
219 188
923 283
147 440
94 540
57 672
99 377
166 763
307 885
451 212
541 575
451 296
215 323
365 360
602 699
631 696
342 503
380 190
715 190
456 268
750 502
575 747
842 337
48 212
260 211
45 249
907 681
915 751
259 413
902 283
102 304
729 119
32 694
917 832
409 12
158 463
155 720
397 334
237 761
735 144
539 870
924 97
653 669
892 429
492 406
919 420
173 568
429 590
667 879
841 169
535 181
422 631
200 323
369 135
630 59
7 856
301 293
84 512
308 294
58 423
155 445
246 676
433 396
217 277
400 792
814 458
678 861
803 234
717 411
864 817
332 690
145 901
238 113
98 201
595 253
157 188
327 325
509 546
58 740
671 650
506 879
204 103
649 905
270 78
738 123
276 174
300 694
172 450
176 232
505 388
160 327
428 235
378 391
341 881
538 181
114 598
390 812
138 636
155 634
194 641
328 434
390 590
448 438
748 769
360 578
678 92
112 424
829 448
390 34
397 490
602 775
828 581
488 598
486 923
251 796
501 732
790 637
873 199
619 808
366 281
100 304
246 307
228 282
198 438
254 569
188 702
902 19
357 246
267 271
674 197
471 82
680 36
737 514
26 820
198 227
438 264
461 233
637 709
891 758
180 172
875 154
110 409
443 165
773 152
740 666
745 158
149 921
422 73
215 424
624 2
163 213
192 713
69 669
252 645
184 285
614 572
837 703
639 40
215 632
55 43
888 452
407 500
545 518
642 229
62 719
32 121
244 262
250 915
424 386
675 286
217 333
551 5
455 703
404 421
558 73
693 686
696 563
849 416
258 830
525 198
484 535
196 25
630 288
10 648
31 711
583 922
349 491
39 366
753 428
819 612
270 920
542 560
495 167
297 882
796 903
674 113
881 339
661 373
613 465
17 785
379 551
585 747
864 734
301 132
60 110
837 682
578 503
136 659
202 553
884 592
421 766
778 43
844 485
459 833
498 339
209 794
141 779
435 232
246 780
327 686
505 108
569 794
645 59
690 362
247 516
605 807
683 414
332 377
178 412
135 905
309 838
168 154
668 421
894 500
33 288
37 254
629 372
716 585
104 907
582 287
801 657
571 234
757 208
101 668
69 611
880 714
388 687
759 381
560 285
94 147
620 831
863 158
442 678
100 189
484 732
223 634
84 85
501 836
718 374
422 490
346 393
588 581
772 762
629 847
650 820
212 420
653 837
16 672
646 603
805 771
797 304
159 232
677 389
553 655
521 771
314 3
349 853
375 622
327 342
331 166
158 35
535 180
722 755
774 165
801 715
71 884
911 257
275 483
733 797
295 731
525 102
607 574
852 717
299 778
360 482
530 313
696 486
276 160
80 310
176 170
176 634
828 82
746 679
391 582
837 327
327 324
787 751
758 349
341 216
360 740
678 178
184 903
261 849
282 758
712 713
71 874
464 71
231 213
570 151
580 352
473 867
204 8
614 50
32 377
415 741
128 71
222 241
745 511
131 442
144 268
680 793
271 315
148 791
59 558
707 567
891 505
767 827
54 487
884 69
759 237
82 459
871 386
251 576
267 618
142 191
471 95
61 650
760 623
468 486
515 816
580 423
582 678
256 743
156 411
871 241
837 417
558 671
833 569
342 422
433 606
469 675
256 464
666 516
579 218
376 21
764 70
797 160
286 273
509 739
774 506
836 650
202 454
226 448
136 552
73 115
36 65
761 360
220 339
777 219
298 395
608 93
508 214
73 476
236 632
519 677
153 84
210 424
156 39
776 503
491 586
663 223
97 140
444 691
139 192
357 500
917 705
559 380
379 395
144 473
71 363
277 211
741 425
337 456
530 834
924 59
765 420
863 38
635 920
545 496
858 572
749 587
348 628
918 125
80 217
705 61
712 644
826 634
95 366
5 626
800 913
915 781
28 127
568 28
518 521
10 170
51 497
661 580
521 241
923 232
82 789
583 623
180 186
218 814
771 460
539 910
704 430
242 149
885 402
923 310
448 854
857 400
801 419
199 908
554 173
520 21
372 490
87 827
553 467
37 194
457 684
286 363
914 420
445 632
728 385
128 225
756 566
246 588
161 402
753 280
163 809
681 804
519 267
387 7
886 193
527 396
52 665
787 51
681 738
922 771
762 649
834 106
619 410
732 219
396 816
272 878
428 609
194 380
750 484
537 76
593 546
852 422
356 131
92 779
609 723
648 786
774 141
396 85
750 405
394 755
51 559
609 266
441 360
188 755
191 203
853 596
234 337
624 260
53 673
443 717
561 309
343 876
783 529
794 405
323 855
305 192
640 120
768 45
694 528
420 909
320 361
29 537
315 45
503 504
470 62
189 73
466 411
605 705
700 224
812 636
1 748
539 108
299 736
512 581
783 178
223 394
462 433
176 106
535 73
406 338
26 107
272 231
150 717
923 408
834 392
76 176
87 98
711 796
682 590
656 396
573 585
169 328
523 726
836 141
805 288
827 799
850 404
903 418
377 491
587 549
58 252
248 632
821 204
272 365
879 15
708 229
250 758
165 249
558 494
49 238
747 467
629 96
540 605
145 601
644 419
274 895
919 166
409 425
722 473
800 843
907 321
508 800
610 299
332 95
426 20
498 26
567 807
87 882
515 152
421 426
561 797
678 258
884 389
897 428
809 194
295 891
288 735
664 779
667 861
795 256
619 68
850 272
61 172
84 243
157 195
361 914
217 406
891 491
298 356
63 233
211 240
735 246
481 35
696 873
813 260
747 599
227 206
908 495
583 224
489 161
863 421
739 724
453 92
697 790
331 560
498 256
922 430
300 14
599 746
582 43
198 351
736 391
189 461
23 762
869 315
123 764
641 692
371 285
871 551
113 204
432 587
820 809
67 765
499 531
504 891
504 304
124 617
432 578
73 880
409 739
819 190
382 207
3 256
523 419
467 280
90 388
798 762
559 848
830 636
848 774
450 392
253 906
96 368
596 806
449 576
711 439
713 826
421 368
870 234
337 606
341 126
95 548
271 359
175 310
351 657
34 194
790 64
724 633
750 761
499 633
101 789
781 574
603 546
92 212
720 661
792 247
3 701
923 265
207 384
169 691
351 42
851 200
118 916
840 343
894 675
533 471
39 761
65 531
161 32
152 786
157 830
193 749
540 720
515 210
808 393
298 26
834 527
697 432
722 344
727 247
729 749
913 376
471 922
168 912
696 690
198 285
381 606
558 717
777 298
906 373
416 233
663 473
848 625
815 536
193 300
724 865
772 301
598 11
323 164
272 870
58 597
684 769
284 860
563 900
472 78
36 12
235 356
254 917
830 407
525 924
505 686
605 909
681 723
877 866
634 24
474 3
832 752
693 561
911 165
85 801
48 579
562 338
31 240
736 326
257 262
885 742
529 783
181 239
721 669
353 891
463 191
247 354
418 524
327 166
679 461
369 417
477 128
335 605
86 682
109 635
120 124
493 913
722 649
917 474
668 541
543 719
470 73
771 637
315 301
340 663
231 597
414 860
790 923
793 326
777 109
178 47
309 823
398 536
917 552
309 206
440 92
103 519
855 642
716 447
411 758
355 17
10 99
113 39
596 724
465 52
566 695
792 720
636 415
33 761
132 763
619 840
153 256
579 233
48 623
439 542
791 431
652 426
537 232
734 876
570 149
3 150
186 666
741 108
390 586
192 205
283 115
93 718
138 173
469 768
63 716
579 690
213 421
381 879
673 812
558 847
28 745
732 885
26 269
816 440
156 66
105 894
911 359
272 20
727 623
353 514
340 150
451 566
87 380
517 781
797 706
140 567
217 899
366 694
614 360
286 279
556 587
577 391
62 132
483 282
525 223
391 72
840 719
432 588
72 238
664 423
85 419
251 903
640 517
608 746
214 732
117 90
316 134
245 910
817 261
503 592
893 445
234 401
71 364
456 470
644 529
741 531
706 653
562 134
893 696
452 597
811 263
481 632
80 848
854 845
434 270
579 61
580 181
424 578
730 415
899 349
903 694
264 549
155 323
467 597
140 290
253 210
183 732
390 483
801 407
859 210
605 376
862 317
304 608
836 473
258 460
187 673
387 419
868 147
463 665
464 713
500 578
138 518
621 453
396 760
326 180
8 102
257 439
260 335
743 146
692 330
894 479
330 413
907 625
51 828
755 753
294 766
301 157
546 217
785 592
625 462
719 396
723 841
426 203
857 216
401 511
457 61
525 543
756 600
518 251
3 391
584 600
416 501
91 181
258 715
886 805
800 16
400 494
77 256
558 305
88 454
57 231
225 179
68 287
60 625
524 26
619 412
572 782
427 140
612 437
774 353
443 12
138 399
543 635
529 726
698 522
96 285
458 819
924 564
410 842
767 789
597 192
450 747
436 125
844 287
402 262
885 48
524 810
875 435
144 422
897 163
276 227
721 871
298 13
172 153
665 245
77 607
524 707
211 200
70 125
324 840
277 770
723 869
405 735
371 867
214 44
490 162
186 276
902 907
604 802
681 612
560 440
193 20
375 217
657 869
540 585
31 311
894 485
626 8
662 74
278 835
749 206
219 428
451 642
507 531
848 758
260 55
870 631
736 268
898 327
923 373
545 461
90 34
480 798
355 805
746 707
822 616
731 471
752 171
842 254
806 263
563 64
390 831
525 507
399 754
271 499
430 272
690 341
426 265
342 429
645 632
62 650
413 398
859 226
401 891
149 185
831 445
28 689
342 675
898 642
370 831
444 358
232 804
637 177
34 147
132 305
478 8
170 786
688 449
376 3
681 678
539 662
564 662
17 829
363 514
516 187
493 891
688 559
854 806
545 170
77 737
101 369
670 610
515 457
665 559
43 911
438 246
441 696
227 203
854 627
783 104
663 205
866 612
134 248
178 908
105 884
352 300
333 860
379 520
336 138
284 573
230 412
840 117
18 186
722 137
365 441
691 673
568 148
821 814
89 797
418 893
594 697
191 47
398 128
294 300
245 531
445 822
531 230
120 355
303 553
204 401
575 107
425 768
688 724
839 770
236 136
791 127
294 891
53 309
55 668
497 87
785 25
604 672
376 328
549 646
788 895
133 431
836 515
229 891
269 223
288 765
648 56
363 157
679 613
369 524
623 824
627 19
847 825
853 707
312 726
160 853
824 421
333 123
14 227
401 302
717 469
684 34
632 712
83 828
154 788
878 333
111 171
188 635
63 52
49 219
268 118
181 494
189 248
903 897
487 467
456 381
632 608
890 915
462 360
119 146
751 857
203 159
402 453
683 137
854 82
362 449
165 866
612 830
258 753
63 171
556 473
507 837
609 484
285 181
175 115
125 26
36 683
112 454
6 157
743 897
817 747
250 163
767 145
200 755
544 899
593 783
288 790
404 226
171 681
188 493
291 221
701 367
578 721
585 639
823 839
792 414
211 732
46 307
711 742
710 874
73 375
557 424
890 304
67 794
329 448
215 353
331 190
810 746
351 356
260 882
620 197
566 265
552 540
538 240
433 499
425 855
265 299
653 370
757 753
309 71
851 764
381 597
105 627
111 571
592 907
886 621
246 177
89 813
915 121
793 628
75 69
187 911
818 551
731 427
897 10
606 548
38 785
467 348
808 352
701 662
908 907
568 288
417 94
292 893
352 667
138 144
490 377
880 630
294 279
813 659
722 799
83 394
77 878
261 103
473 449
404 484
924 856
306 441
310 465
55 733
646 607
765 46
447 671
335 459
728 504
339 382
267 46
748 80
459 912
232 396
157 30
603 655
285 564
161 526
915 174
128 268
738 333
215 517
530 427
177 84
287 598
847 644
297 819
