1000 4917
385 950
267 39
620 975
14 402
677 394
937 456
71 442
749 189
955 601
498 283
833 132
284 493
67 137
361 734
747 795
545 741
385 660
888 884
678 32
30 213
686 64
596 529
932 100
909 388
477 854
280 184
819 583
220 446
50 392
360 955
415 821
55 803
969 249
550 910
944 313
97 696
114 771
704 815
320 788
1000 363
299 341
68 846
345 780
308 253
137 178
339 350
832 105
761 181
643 661
357 221
67 142
272 176
715 811
720 164
314 298
725 795
302 646
195 722
620 740
530 117
844 253
765 354
60 249
246 894
581 132
174 298
892 472
439 748
784 733
127 718
790 794
40 117
370 932
496 514
478 299
851 751
962 877
49 822
563 566
506 586
639 212
665 254
605 452
903 441
954 818
179 972
868 493
668 959
247 799
408 221
266 586
104 97
858 150
785 673
161 503
936 222
495 72
614 856
888 311
206 590
599 815
614 942
255 323
52 973
74 421
40 664
573 819
351 452
777 53
561 320
745 483
719 351
908 934
323 661
795 904
179 665
187 615
993 36
537 948
701 800
808 827
312 146
525 171
1000 345
78 187
50 13
658 387
492 608
37 273
419 746
919 829
848 797
333 197
833 548
870 995
476 115
214 253
839 251
417 298
770 632
238 322
809 902
573 272
279 421
143 329
411 174
250 122
531 922
512 996
533 61
592 535
959 181
540 174
300 724
617 655
119 911
465 300
360 710
959 200
267 498
964 660
489 166
804 171
805 709
218 847
312 286
630 994
793 926
593 777
133 299
464 638
581 460
604 898
714 239
643 927
805 180
239 712
699 523
39 106
497 183
192 221
408 955
488 676
720 17
783 501
951 944
419 86
365 451
510 867
531 388
454 466
480 653
777 361
763 336
48 534
250 574
506 235
199 241
865 416
239 101
369 206
759 473
524 66
281 944
284 676
868 811
710 328
378 801
882 379
972 134
574 491
423 638
118 807
981 517
67 646
925 835
529 621
986 429
695 946
15 455
536 553
39 621
208 618
937 461
144 733
875 482
638 66
431 192
490 473
662 580
791 800
462 276
905 888
63 296
730 89
711 9
513 2
108 98
109 108
823 869
883 924
184 626
276 216
41 610
615 144
685 772
232 575
853 899
547 296
68 794
549 79
749 818
606 112
413 226
629 679
478 263
76 583
198 121
248 276
543 188
691 735
672 827
936 736
105 878
803 598
492 896
847 287
371 632
889 576
149 634
290 37
940 24
662 607
592 563
385 287
133 100
815 973
524 302
509 1
87 509
173 60
292 400
762 396
666 645
204 580
616 977
620 60
89 887
401 626
57 371
611 771
99 32
844 697
637 799
268 120
966 99
895 91
400 507
791 898
791 705
991 564
511 776
206 73
8 549
687 784
154 556
935 79
30 364
231 346
552 663
937 943
737 986
162 254
900 463
3 705
78 632
851 389
921 184
703 548
411 138
285 802
104 463
452 899
736 177
492 669
210 435
324 687
438 287
578 181
829 80
69 131
945 6
786 438
949 726
163 193
369 834
956 386
82 19
707 83
502 491
678 304
363 793
895 64
26 429
860 403
109 653
32 209
335 355
519 437
940 577
939 459
703 434
68 570
889 594
563 359
764 247
591 812
692 766
380 264
536 259
840 91
685 275
560 185
743 907
48 658
82 894
301 10
411 131
929 927
967 756
306 813
327 597
785 399
37 64
611 160
391 113
299 643
928 209
600 993
285 940
988 123
454 738
882 159
402 826
630 127
153 476
291 59
686 683
484 394
344 210
691 233
433 169
888 240
972 876
69 468
701 768
243 37
773 657
558 300
889 32
892 980
301 498
620 267
719 391
162 600
87 838
236 124
57 220
990 486
591 300
403 639
150 249
45 692
118 439
689 284
504 956
229 998
90 803
92 834
375 349
882 511
114 294
352 37
631 207
833 316
779 344
49 688
904 98
163 712
716 79
497 252
295 1
5 294
157 906
946 221
247 674
31 881
508 866
382 714
842 539
308 806
55 474
937 159
921 373
133 636
335 735
707 923
762 281
981 659
99 553
179 563
74 977
245 332
883 519
240 515
149 855
975 95
78 589
969 881
462 379
199 188
102 802
687 697
433 505
126 901
273 845
860 341
535 934
95 906
242 362
337 470
232 514
618 977
88 177
752 944
911 597
255 752
492 230
424 350
480 336
478 831
9 145
524 235
620 183
749 459
550 197
401 50
790 692
609 952
974 586
840 295
5 688
533 537
997 305
248 42
432 759
841 183
249 421
879 390
809 523
440 685
218 181
44 829
865 566
512 326
798 845
312 690
620 853
343 851
417 67
71 655
475 669
332 64
118 304
83 270
654 698
161 828
678 950
787 798
149 647
24 277
151 374
426 617
51 896
392 729
721 498
926 282
466 675
430 144
620 635
306 751
879 867
145 811
75 611
875 104
595 280
978 368
31 562
707 905
335 584
448 458
263 682
929 391
431 324
639 457
288 355
759 415
507 634
936 335
990 902
426 830
298 11
979 499
465 732
45 419
892 183
432 808
34 84
305 585
970 210
933 46
573 23
866 3
109 692
832 836
246 907
690 286
940 679
656 615
991 642
90 175
254 634
900 712
739 352
376 221
987 77
709 781
232 415
743 615
213 222
692 554
532 41
201 113
145 812
935 721
757 529
773 42
10 681
18 812
874 296
344 18
767 626
311 598
631 290
498 922
62 107
283 696
745 80
265 459
602 36
558 683
895 820
694 7
695 813
645 958
301 182
558 113
573 895
778 651
637 861
157 552
819 89
638 884
514 446
56 709
532 811
155 689
168 254
10 281
957 290
904 690
371 444
136 660
380 774
859 150
860 946
457 539
243 934
795 654
832 948
405 726
541 489
725 124
283 588
550 552
527 810
285 683
125 54
328 673
256 618
862 837
129 461
608 998
703 158
248 960
637 468
67 101
674 455
987 922
806 712
308 995
936 460
521 949
973 388
242 398
775 888
172 467
338 410
163 144
720 723
488 98
369 676
802 282
410 980
932 538
731 440
752 350
734 322
927 461
425 912
703 461
27 100
707 435
154 224
656 217
795 59
883 949
160 943
478 827
442 693
540 190
815 569
563 698
360 480
340 513
570 962
569 386
330 110
793 590
25 47
557 830
914 17
94 223
232 912
945 529
837 456
544 389
690 491
136 880
916 547
256 406
702 387
171 831
721 263
282 899
276 502
247 660
904 289
416 144
566 679
716 926
592 985
699 607
538 173
224 776
243 20
649 825
423 642
312 568
998 164
48 732
272 670
807 973
859 216
44 111
497 500
1000 458
8 457
869 217
135 190
889 763
505 20
894 356
606 146
330 732
936 783
203 619
336 112
239 482
67 854
271 241
393 386
761 389
53 902
141 634
42 35
570 706
935 612
130 384
573 172
556 932
498 275
211 350
1000 763
752 647
914 796
765 190
398 657
708 888
727 794
24 487
116 789
759 139
154 630
123 166
983 233
219 390
312 983
988 295
666 16
25 392
410 482
118 511
315 313
214 852
395 10
790 287
415 648
605 29
550 902
76 282
276 383
866 62
386 459
378 869
78 813
101 851
28 2
102 437
86 264
892 106
960 992
350 173
613 387
832 97
703 363
390 585
905 763
997 685
301 877
508 682
970 762
849 744
861 281
331 663
80 251
687 682
563 173
764 77
711 907
895 832
330 639
516 618
973 471
204 545
616 108
616 545
605 629
29 788
433 894
548 446
308 394
576 746
631 140
482 389
176 455
752 890
968 430
604 799
327 853
53 949
184 263
111 249
495 227
243 122
130 349
685 421
395 663
512 683
494 723
626 210
535 780
497 838
256 771
370 702
368 746
914 823
533 158
65 834
762 344
392 744
265 603
486 551
307 934
68 595
715 479
665 801
946 598
292 817
312 538
97 772
224 652
23 500
405 937
281 635
246 231
893 675
472 235
905 583
971 684
473 521
20 826
250 452
232 922
990 994
43 676
33 60
541 744
843 419
939 277
52 926
71 82
92 648
715 832
365 305
702 447
208 474
650 641
223 673
48 115
80 28
226 294
324 384
54 756
898 467
419 803
465 919
259 493
996 837
232 517
243 922
464 328
13 539
596 468
306 509
162 86
290 588
904 726
701 551
55 64
596 342
405 946
669 389
319 28
333 91
288 85
89 868
327 76
310 396
985 303
537 697
815 796
816 854
821 491
514 367
678 556
170 735
3 142
475 733
758 697
857 566
343 630
768 152
950 688
75 342
844 997
570 84
423 784
745 159
339 864
157 313
854 190
105 902
653 193
714 457
971 272
402 576
203 234
665 231
556 97
956 286
692 634
706 648
137 200
357 775
780 537
947 142
550 281
904 856
94 799
516 726
331 597
773 630
578 5
894 153
581 8
981 499
358 435
583 355
382 687
92 670
823 522
147 221
636 619
629 365
977 222
299 502
707 501
690 103
12 127
123 273
88 493
677 661
528 296
823 257
550 763
706 609
75 729
333 64
335 263
27 480
375 965
232 365
360 418
508 234
553 552
330 44
8 606
123 588
282 139
407 623
546 537
641 670
638 147
337 479
87 920
722 684
370 397
403 841
631 144
406 120
348 2
380 601
82 706
857 646
162 980
969 476
291 661
309 734
361 683
739 604
4 246
43 398
775 977
633 482
929 582
690 683
599 278
782 61
32 668
222 98
936 365
777 100
790 77
574 878
903 795
649 840
134 106
657 884
582 628
769 493
215 672
865 925
270 5
807 555
918 554
744 463
462 662
678 899
433 659
214 311
270 912
52 963
967 289
625 458
977 551
720 763
488 90
228 570
916 636
922 697
101 273
930 239
983 672
951 301
292 523
51 387
936 340
351 267
595 745
932 180
283 661
793 441
809 988
627 197
592 929
754 912
97 968
576 80
116 393
309 335
725 945
963 812
263 726
416 386
965 741
128 961
327 419
458 107
114 300
956 299
461 835
426 295
407 267
118 602
547 222
752 438
472 390
648 262
886 801
723 385
753 192
283 182
708 800
49 210
859 705
920 279
608 500
757 572
114 526
813 709
353 548
562 570
819 446
599 206
512 645
68 534
34 217
163 400
669 594
475 572
594 948
695 5
82 301
74 598
287 251
822 891
640 915
31 553
862 104
496 156
224 113
947 176
720 526
680 520
299 52
691 305
351 371
504 481
323 871
51 362
714 534
324 641
660 91
806 206
510 283
534 628
424 771
224 992
4 425
188 222
6 445
335 409
563 455
11 2
411 293
158 264
824 356
18 944
631 773
534 999
376 463
561 390
300 476
1000 570
786 992
345 176
643 460
935 879
593 746
614 865
265 303
465 737
799 689
617 401
936 513
269 391
867 275
626 114
55 12
810 771
92 621
651 269
140 193
51 371
658 770
272 414
734 41
202 390
276 855
955 550
26 575
941 519
434 985
763 926
968 486
608 552
71 951
8 98
497 562
160 16
704 544
752 694
300 910
743 186
582 124
964 900
786 420
327 505
807 638
956 788
556 753
408 866
813 328
616 934
420 230
875 915
151 815
327 398
717 503
972 931
114 994
758 27
171 479
470 628
136 640
375 744
525 620
30 406
444 653
622 897
286 794
43 822
956 122
761 150
129 768
49 879
229 830
878 315
655 493
786 12
698 673
143 884
469 827
259 241
195 838
287 153
859 264
573 194
130 814
220 281
370 705
42 500
833 802
6 132
941 140
668 209
283 443
67 118
1 437
947 80
126 948
220 648
866 471
294 84
556 639
703 813
506 105
770 952
248 162
417 751
307 235
327 713
34 855
299 438
157 105
299 424
229 807
800 493
338 445
488 511
242 534
895 108
219 138
394 393
665 591
812 746
560 275
847 241
617 326
925 5
376 927
160 732
361 205
289 824
686 818
163 396
734 480
553 287
426 806
888 389
64 146
265 458
951 325
508 622
498 223
326 571
365 688
714 864
540 216
742 499
47 781
124 574
268 635
475 140
591 234
556 952
775 915
104 690
49 300
759 971
639 131
508 332
272 77
383 924
773 329
349 540
173 131
311 1
656 893
966 448
988 885
614 146
665 398
574 368
759 481
134 396
559 878
265 499
22 101
397 811
678 841
578 430
94 847
292 870
745 744
521 2
8 427
689 555
581 56
248 618
124 565
605 503
626 659
109 736
365 670
45 611
371 481
723 884
116 590
428 578
802 806
620 609
198 680
432 486
775 877
201 437
682 877
945 279
891 171
770 890
922 585
407 687
302 890
302 303
341 351
355 995
329 371
426 455
204 565
905 551
997 607
10 555
176 831
530 879
488 54
54 150
914 356
558 127
773 409
189 315
920 568
323 956
126 612
870 621
615 113
357 694
690 264
138 733
639 661
128 764
879 123
224 24
96 538
799 619
137 456
462 402
48 669
451 606
432 572
445 924
72 94
625 216
950 722
592 986
352 393
633 565
23 806
960 200
841 729
10 156
963 270
504 52
910 177
24 864
436 662
162 210
44 793
907 346
132 210
497 369
407 564
984 56
947 172
14 160
841 36
83 7
918 383
429 580
955 918
118 276
246 345
612 28
840 727
840 364
342 443
533 975
74 147
754 292
627 526
214 400
95 108
559 488
48 79
925 675
581 618
286 217
587 396
616 859
825 503
841 746
630 354
655 377
939 523
392 588
402 235
857 467
748 153
114 20
71 132
825 173
628 839
184 909
527 794
701 696
541 441
61 174
744 486
392 16
581 130
508 931
967 852
510 774
660 729
721 519
218 112
976 350
170 998
744 373
483 491
438 16
654 300
308 307
737 713
737 842
1000 205
250 610
154 377
478 440
649 620
62 358
376 414
637 284
105 123
527 152
116 708
677 188
453 230
143 660
199 518
384 653
519 551
167 146
31 765
745 171
871 16
618 628
507 79
301 353
970 150
474 467
790 469
384 572
612 733
80 139
716 876
744 493
264 66
321 730
361 917
824 912
731 684
380 438
82 604
678 318
527 287
370 607
497 803
592 511
185 780
885 880
337 375
814 771
999 278
639 640
819 939
307 542
308 314
753 584
148 652
662 183
739 547
707 112
685 569
299 386
410 131
647 222
825 73
858 159
205 878
694 777
715 660
698 313
148 627
405 396
6 271
942 680
856 628
77 16
657 907
360 728
605 562
604 574
143 537
475 911
184 923
96 667
380 464
763 458
694 445
510 62
179 736
346 144
509 740
883 965
954 851
494 445
593 783
297 346
423 579
119 830
318 474
136 375
105 303
857 690
234 240
641 336
474 854
715 316
231 222
147 206
490 28
77 358
592 873
226 621
704 496
631 608
227 78
942 501
517 735
790 690
395 281
397 554
110 406
238 331
610 880
239 328
442 283
902 646
300 845
201 927
971 643
77 183
311 384
238 672
849 247
813 574
530 163
579 282
852 164
824 467
55 492
859 174
130 498
41 354
573 521
219 661
460 364
887 610
525 358
67 223
932 163
435 461
608 489
239 723
720 243
956 652
481 801
903 610
64 598
780 820
361 878
547 3
692 739
778 520
162 511
401 861
435 634
809 547
332 947
114 740
133 686
889 251
727 751
545 924
530 818
984 673
485 993
920 153
932 606
3 302
57 823
365 918
472 377
976 427
856 736
337 457
100 883
725 155
928 537
157 218
14 510
363 924
778 981
345 108
92 744
553 10
239 875
439 373
367 776
918 648
43 206
703 313
600 608
264 139
162 943
893 336
604 440
72 25
932 170
19 348
365 877
166 221
106 108
900 200
99 138
173 751
102 949
123 565
433 578
858 104
859 874
417 307
75 334
791 201
320 771
172 520
393 826
207 924
325 837
608 153
457 469
767 965
88 924
350 855
979 822
540 803
544 294
211 345
857 788
596 418
716 92
458 316
974 363
975 982
328 320
155 500
428 46
525 664
714 520
407 776
986 445
896 376
474 803
381 992
649 510
611 479
205 476
723 812
208 602
757 33
48 25
68 415
428 984
286 39
297 440
508 371
625 239
678 115
294 167
83 848
282 864
410 278
836 81
213 776
141 422
586 632
533 95
130 153
829 675
848 537
6 49
299 57
82 788
963 110
543 929
763 896
586 830
970 569
143 311
403 511
535 444
593 672
780 16
333 346
392 831
436 894
393 29
68 665
198 856
605 312
96 254
573 257
109 713
292 564
719 304
22 64
815 667
462 945
429 194
31 361
578 763
823 278
844 185
365 421
754 913
761 643
783 553
299 372
100 726
211 557
41 115
604 359
465 463
770 964
453 680
645 388
131 801
151 95
462 670
154 727
945 704
858 758
394 659
26 604
400 33
808 17
737 776
865 307
721 598
331 635
611 710
631 97
462 84
462 521
514 95
138 835
319 607
341 499
417 802
822 500
3 305
308 857
257 396
773 363
976 105
44 954
957 372
99 161
642 831
252 390
9 962
863 394
940 354
220 192
649 938
972 394
515 673
260 449
650 316
282 697
154 687
466 64
139 362
94 130
987 213
787 999
348 60
739 811
51 379
200 831
779 346
176 673
926 80
527 50
427 79
620 353
883 350
829 294
719 571
191 501
561 486
47 217
343 957
34 811
950 814
989 342
559 749
394 681
371 598
65 458
510 735
932 990
412 236
160 893
584 826
967 489
240 112
976 207
884 444
453 812
143 374
123 102
285 779
128 722
490 367
843 865
879 488
332 656
349 366
573 889
573 811
852 529
265 295
656 619
288 565
434 556
218 449
658 944
256 377
556 391
424 320
44 614
333 912
318 491
764 738
376 803
462 346
553 850
391 91
291 282
184 448
49 633
810 831
10 254
602 282
361 194
363 671
894 905
143 117
347 19
185 876
348 456
208 315
805 620
9 446
320 586
191 345
639 446
824 992
15 175
860 339
616 994
510 187
352 859
258 915
888 562
978 409
916 474
524 13
825 93
905 934
892 726
677 856
950 992
68 325
8 392
111 200
149 645
538 913
477 451
365 523
575 206
998 901
345 861
990 871
888 79
440 124
702 372
596 991
244 180
173 709
562 113
82 388
639 923
508 228
250 958
104 120
337 660
824 675
703 232
717 756
996 798
405 888
299 11
338 535
357 415
432 485
158 64
783 948
436 802
881 416
844 128
238 807
611 267
611 222
477 427
43 128
465 920
656 768
773 988
530 658
782 771
53 402
259 952
813 663
54 572
852 918
708 328
178 837
547 641
289 846
3 66
314 655
291 245
842 696
862 945
573 247
382 669
265 357
350 303
158 56
462 13
513 223
229 692
769 568
75 164
560 415
337 731
370 130
110 830
120 421
462 884
654 166
947 88
87 430
463 249
863 898
220 640
370 959
919 424
388 948
833 286
779 947
337 996
449 674
656 395
14 127
18 441
954 231
199 652
863 172
439 872
330 837
595 405
407 148
908 228
321 518
527 135
767 89
236 202
214 504
649 378
633 93
137 46
983 657
199 280
625 705
516 59
555 445
809 394
791 867
955 810
619 897
372 102
979 621
671 355
547 282
717 39
162 740
215 594
770 487
667 746
385 953
99 493
681 726
393 520
599 925
485 301
70 670
70 99
15 292
842 878
858 553
886 796
685 724
119 717
528 946
640 705
498 39
686 588
732 36
643 387
845 835
96 755
351 325
309 900
928 881
783 84
711 870
50 838
893 386
327 401
804 35
492 848
522 682
440 331
720 56
295 680
522 834
210 461
778 326
908 449
650 520
399 766
943 447
667 39
405 516
297 84
484 3
30 499
30 580
859 642
970 387
319 311
764 702
116 300
541 328
174 659
428 570
1000 843
219 694
380 790
793 457
478 5
407 27
27 674
410 659
329 249
858 50
217 938
289 373
734 897
861 7
610 659
365 952
23 491
578 437
167 273
92 985
653 880
743 583
361 938
212 638
5 287
605 2
532 851
793 498
691 178
650 515
688 231
887 511
728 62
85 84
983 901
15 919
721 661
819 946
695 939
790 753
572 828
755 772
978 881
703 364
497 967
869 628
340 134
547 102
250 874
345 642
881 174
412 311
916 923
494 342
811 112
650 357
332 460
687 279
999 387
840 993
124 298
730 445
967 877
524 626
419 584
258 365
521 283
8 957
595 995
427 622
799 643
411 322
160 29
786 756
93 175
440 456
990 164
904 705
791 1
192 884
852 405
92 692
618 112
116 676
727 438
353 489
797 584
716 910
76 557
983 926
849 672
633 399
465 876
297 521
745 599
851 792
191 283
212 455
58 46
413 194
468 486
895 409
401 762
93 911
629 237
189 891
561 325
166 421
669 551
798 207
474 349
75 874
450 818
52 437
151 177
510 200
837 108
799 962
945 119
504 289
947 298
289 62
219 498
369 488
40 992
44 993
889 127
46 729
529 363
51 612
890 277
162 545
951 948
219 231
327 900
516 793
276 102
778 192
649 850
248 555
922 138
502 831
51 990
432 876
983 292
886 819
805 95
143 536
403 967
426 781
13 387
45 602
401 760
100 667
55 583
285 385
852 60
179 739
128 927
701 452
42 374
353 660
281 183
820 953
785 188
506 441
629 477
539 390
260 336
107 584
925 66
412 187
105 447
180 594
33 911
92 313
807 98
737 383
204 53
340 765
453 23
83 755
707 406
945 842
450 296
967 856
415 662
951 546
608 140
497 899
311 387
166 386
645 890
406 584
371 854
561 826
872 230
191 853
625 293
650 186
609 60
403 190
297 789
779 393
67 651
946 113
765 427
752 517
656 153
731 315
631 454
190 152
246 469
840 910
158 442
248 167
810 376
148 981
574 183
595 782
605 958
484 247
527 424
177 729
294 476
363 152
777 190
807 349
465 49
994 693
538 57
26 687
208 838
250 950
765 612
945 732
360 460
380 618
676 911
487 845
360 3
77 771
125 597
60 917
19 256
683 977
867 828
444 131
83 470
503 845
731 124
889 925
629 839
852 386
263 589
819 379
267 662
587 416
127 379
532 551
789 415
203 788
739 934
95 217
178 467
245 295
432 460
984 681
674 414
787 28
199 815
220 107
928 982
510 995
573 586
576 499
842 58
942 888
942 301
404 318
728 121
543 955
413 483
530 262
472 653
214 708
452 483
860 480
515 368
937 837
954 877
508 232
352 130
79 794
32 570
173 854
643 680
764 735
429 183
925 850
840 183
159 169
913 874
497 622
697 376
915 305
789 226
369 991
723 354
815 669
193 169
250 487
936 669
625 238
155 210
292 267
50 252
58 566
704 459
448 25
480 358
505 88
904 220
396 217
896 594
930 865
860 328
311 803
191 189
114 307
895 477
833 295
724 389
561 816
267 934
966 659
821 222
40 130
165 298
440 498
477 584
42 145
149 470
243 487
43 642
941 79
603 161
599 393
982 499
70 729
111 531
312 172
258 416
403 565
701 455
723 680
957 205
40 182
432 709
557 580
549 336
163 800
57 216
455 877
186 387
701 885
170 89
189 491
707 744
652 95
908 996
160 223
605 931
838 962
350 746
166 837
754 596
404 429
208 230
696 112
82 780
708 147
434 421
617 811
416 621
93 171
365 710
762 130
682 21
337 791
62 511
546 69
744 598
533 142
716 162
402 845
425 500
649 239
212 385
123 243
185 798
610 812
849 759
954 342
834 526
747 914
85 307
485 190
525 806
734 576
860 780
610 594
771 864
343 24
168 459
349 991
775 792
979 901
410 837
583 869
285 930
570 653
253 291
380 129
936 123
691 853
23 153
188 517
104 25
744 771
428 20
484 969
716 747
282 607
428 930
307 868
492 999
464 120
536 90
420 443
403 101
224 849
630 226
797 77
356 131
577 992
288 797
703 167
311 580
993 88
295 349
327 550
702 270
941 355
687 468
393 853
340 52
968 223
8 579
329 746
932 634
141 896
474 183
286 223
834 101
618 259
49 113
361 620
250 722
986 856
404 245
787 628
651 156
892 679
49 884
104 20
453 566
291 477
786 123
859 132
901 746
442 358
351 831
902 709
630 56
321 309
871 910
602 174
819 348
527 663
895 946
288 788
413 993
806 284
521 713
401 842
270 257
477 922
969 216
418 846
720 850
862 685
879 987
423 949
724 409
449 876
764 816
138 551
863 176
128 443
950 910
292 986
778 144
668 526
649 580
227 413
706 623
974 1
176 115
690 830
849 331
951 836
642 880
518 564
60 491
558 147
523 354
561 555
856 901
431 252
345 717
570 414
843 166
547 142
536 652
719 755
886 609
645 803
100 190
338 97
484 733
32 438
550 554
56 60
348 10
497 779
981 900
728 664
431 423
452 675
397 339
453 796
717 127
165 770
848 498
167 98
898 316
23 164
516 628
559 485
67 780
601 145
727 42
758 452
36 193
380 183
219 729
199 984
554 249
844 984
242 743
955 679
558 737
753 387
506 429
118 669
324 146
449 458
360 358
770 842
731 899
91 502
54 254
62 112
536 659
205 567
614 776
120 422
614 123
412 726
803 254
676 112
161 850
970 661
535 949
347 580
149 976
8 422
100 511
707 145
799 992
48 935
436 86
757 52
624 646
70 105
417 459
418 947
453 773
12 259
849 810
116 148
723 420
27 806
562 564
43 916
840 200
343 576
87 655
353 615
861 131
861 334
7 11
828 460
528 94
300 450
731 217
983 656
52 152
345 146
49 479
104 572
590 39
496 503
976 476
226 663
147 64
407 462
630 2
908 958
357 384
68 376
512 489
575 269
930 485
56 917
290 900
572 952
789 755
404 794
371 796
118 280
320 463
304 964
304 94
947 209
878 962
767 783
703 584
143 988
628 455
423 561
791 448
764 519
238 729
231 706
553 256
754 387
57 358
938 241
70 19
632 113
140 729
248 528
229 493
543 602
408 794
858 40
118 815
694 722
825 750
847 755
862 766
26 838
557 682
468 502
874 735
869 334
563 609
966 797
808 684
533 406
627 39
438 145
643 290
667 38
795 493
407 995
255 902
692 915
678 524
715 274
164 20
718 663
93 837
576 567
612 635
297 397
650 833
764 203
894 393
236 646
608 423
348 968
631 998
702 732
856 520
723 236
6 280
905 863
85 369
69 924
758 46
584 837
142 349
308 16
329 378
489 586
863 294
687 532
639 525
157 38
214 896
155 139
690 863
695 334
915 409
484 296
534 584
385 455
43 239
151 390
920 724
725 540
232 623
677 766
324 7
966 722
94 64
678 413
240 164
755 144
574 756
479 880
692 587
727 387
505 379
431 40
110 387
951 208
76 252
702 381
208 563
48 362
377 36
720 912
412 880
52 674
678 737
660 884
882 507
256 130
494 891
26 840
246 295
432 98
915 236
345 419
608 802
348 696
497 741
884 396
596 729
165 629
761 422
401 606
457 735
341 450
15 598
161 676
382 284
148 647
130 406
186 107
721 89
81 684
74 971
304 284
191 576
512 866
120 146
179 8
163 450
474 302
550 871
239 567
419 822
576 948
666 503
616 37
703 46
408 80
559 927
615 107
709 435
908 365
213 676
785 483
108 113
805 85
440 812
134 861
495 782
403 961
706 241
101 661
245 814
921 816
777 579
658 364
605 424
371 868
936 992
756 225
405 99
26 191
19 524
196 56
198 891
6 875
753 59
382 263
119 571
865 372
276 813
260 362
12 796
320 346
691 902
543 681
753 756
306 366
913 798
438 750
862 331
374 59
556 223
295 261
128 695
478 901
57 837
987 585
639 853
286 391
813 733
566 674
456 217
754 109
939 197
7 416
154 320
463 254
981 381
654 710
568 153
392 209
452 503
492 145
240 378
514 230
989 733
519 139
6 913
264 645
301 662
984 446
603 58
749 642
860 94
41 392
96 568
719 155
210 826
299 576
121 237
361 702
158 641
860 570
809 568
916 593
148 177
758 724
10 190
232 685
549 544
551 131
884 609
92 636
700 355
710 64
868 855
725 810
192 511
543 377
250 240
858 333
434 186
676 897
434 532
753 164
255 97
185 29
739 706
757 239
957 509
5 912
122 893
191 933
488 521
638 648
713 156
593 209
308 839
94 682
238 591
22 520
44 976
885 390
151 283
451 37
378 409
231 73
791 35
109 471
703 112
75 549
977 107
295 315
408 496
959 175
466 90
318 12
857 992
172 980
369 468
678 781
922 80
184 630
849 238
740 619
58 467
50 476
265 987
68 329
141 120
987 437
860 490
625 864
203 553
40 85
973 5
811 182
866 522
522 175
942 993
943 264
853 709
892 352
176 924
933 663
903 294
790 661
75 589
22 515
884 90
560 325
727 127
796 555
578 816
360 278
324 590
327 978
427 387
882 391
185 256
21 447
408 770
833 444
742 342
986 712
764 312
265 627
690 847
909 736
91 619
494 155
110 273
434 798
130 156
166 445
939 296
765 630
179 335
453 506
714 851
702 947
125 738
371 97
282 588
449 213
303 182
777 632
269 322
453 395
560 738
358 845
822 107
199 331
268 992
312 480
916 273
96 700
478 219
960 374
849 27
541 786
68 997
52 482
514 597
713 803
533 93
592 759
989 619
332 818
43 161
962 409
462 846
600 822
4 715
103 733
415 768
932 256
256 150
922 282
779 447
668 741
589 627
324 581
340 510
160 423
676 368
99 943
219 743
110 449
512 349
534 423
916 282
3 230
538 810
423 284
406 225
227 900
798 376
938 890
72 546
838 723
14 433
417 195
473 414
807 1
4 818
991 590
44 409
852 670
100 155
227 789
85 766
947 121
866 963
699 134
454 91
845 585
142 176
978 42
648 869
238 121
631 825
247 197
908 385
912 682
85 793
785 7
969 354
692 449
862 503
94 897
124 342
701 598
45 353
601 180
653 467
747 504
233 709
932 193
463 334
534 446
516 861
442 792
205 460
189 626
335 2
482 594
504 593
211 980
405 507
527 640
541 652
70 309
272 252
179 912
148 551
547 503
299 223
706 376
338 485
547 467
289 898
878 554
497 871
26 640
299 41
372 609
300 262
827 435
431 604
656 630
397 295
789 139
112 729
857 780
26 236
725 952
592 10
211 735
265 832
412 913
622 869
589 899
50 561
754 814
385 689
43 957
650 239
379 88
464 987
543 45
285 301
18 373
71 512
292 289
256 386
662 469
495 396
23 435
27 345
281 446
889 721
319 210
174 254
195 663
380 988
586 659
595 882
382 125
848 718
601 456
489 121
291 387
309 654
271 379
848 261
629 853
574 437
372 290
246 401
104 140
907 835
984 367
413 670
328 499
199 997
982 924
148 243
116 370
960 291
79 421
782 569
837 190
31 779
508 145
808 802
242 270
650 300
533 637
232 766
467 194
425 379
548 54
694 61
306 978
588 221
954 365
629 21
668 664
104 909
727 699
587 968
659 564
567 342
828 794
347 742
3 181
593 642
212 883
375 193
12 458
324 436
181 461
291 206
522 395
652 907
478 949
335 25
889 626
446 585
430 696
638 193
417 529
842 664
1000 454
888 385
742 177
932 925
730 729
198 915
271 220
397 140
844 665
83 798
129 409
203 190
47 619
774 555
719 611
317 371
941 26
686 600
284 803
49 735
546 247
527 11
602 517
35 841
452 121
418 354
473 756
720 302
495 526
352 264
645 962
761 156
701 525
212 890
907 881
32 602
397 536
215 881
492 973
932 690
94 610
844 985
259 414
403 571
514 627
508 61
618 91
67 467
547 390
285 867
185 713
292 235
442 216
151 606
75 153
136 290
782 292
819 730
569 153
185 570
439 142
556 479
404 796
350 383
430 989
703 226
155 965
338 415
856 461
48 275
763 969
382 233
894 710
92 579
310 66
420 73
224 911
258 786
189 574
743 646
918 646
173 985
247 642
605 673
34 845
625 35
331 968
186 455
958 697
297 531
495 578
248 191
179 130
50 845
643 273
803 995
129 378
75 863
370 418
591 832
405 904
27 621
100 173
796 642
908 959
608 570
361 958
395 992
54 828
805 604
348 684
852 624
556 35
321 169
133 894
478 652
110 722
49 774
945 876
209 985
68 837
859 655
549 12
886 57
293 632
591 252
629 809
559 815
205 834
136 519
357 539
546 463
874 64
188 609
341 583
535 659
662 281
424 461
575 690
960 244
91 28
727 822
581 684
892 963
514 618
490 15
382 49
311 416
592 623
886 587
886 60
304 396
282 275
836 427
702 722
72 312
952 594
111 706
332 685
170 851
23 93
372 158
381 277
558 414
547 146
324 726
163 326
74 730
970 535
187 277
311 326
611 836
116 302
777 812
633 311
375 139
119 307
531 282
528 368
543 776
340 995
604 112
549 66
453 588
71 938
37 781
531 459
98 183
613 628
134 482
410 796
944 551
375 90
929 423
145 738
341 273
487 278
847 539
279 822
595 425
852 701
224 53
231 781
967 775
822 197
772 682
754 669
702 474
792 461
903 746
945 77
652 797
10 416
377 675
747 307
892 755
198 782
543 763
145 296
454 306
596 163
280 159
297 840
959 37
891 902
360 308
653 298
981 468
71 575
111 937
719 243
843 589
759 135
979 94
763 320
68 924
603 244
324 294
805 427
695 668
31 912
755 122
236 445
637 567
340 102
947 182
822 806
783 548
549 3
627 619
738 113
478 300
649 511
907 171
763 430
801 845
694 922
914 484
714 938
755 152
956 738
168 531
522 226
559 542
398 502
734 315
609 995
204 974
955 368
244 152
116 725
49 350
246 113
121 646
964 539
638 630
87 468
253 385
823 174
725 143
936 850
657 175
630 235
462 872
653 864
975 643
752 971
966 690
214 390
974 740
884 991
119 802
62 726
967 701
297 542
748 996
656 949
434 284
272 20
255 692
717 607
738 251
810 540
244 301
612 221
524 175
599 741
857 735
288 313
950 113
537 870
147 750
556 805
208 955
852 556
962 515
228 438
618 634
784 467
215 664
475 477
440 158
418 435
259 121
410 481
427 606
929 613
429 825
970 362
476 144
947 132
822 816
793 709
396 792
598 386
976 34
293 463
22 44
14 926
255 920
364 177
908 809
323 814
603 61
694 291
306 544
401 531
184 274
55 938
499 839
229 251
63 976
209 705
726 555
490 475
606 336
972 989
116 878
208 519
6 975
639 39
415 722
398 115
109 953
19 122
519 679
133 819
957 566
852 746
389 751
30 69
824 470
434 533
935 951
274 545
991 225
48 475
780 21
171 586
204 556
541 178
428 519
928 57
604 393
603 50
692 471
4 695
427 917
426 987
99 755
649 644
524 349
699 409
506 806
629 342
562 384
397 491
418 80
521 673
867 576
128 469
300 396
529 831
531 354
346 811
274 60
410 740
495 57
810 763
685 180
956 104
211 341
361 867
345 446
201 980
524 386
61 107
629 674
759 66
83 472
67 831
48 864
432 53
70 789
508 542
642 152
130 123
592 810
978 842
279 773
618 11
159 18
711 545
360 673
605 745
289 176
690 221
883 910
862 886
77 230
888 590
723 153
392 989
717 237
652 171
808 630
656 46
912 499
34 59
732 390
606 806
22 866
138 794
291 623
689 381
630 698
786 721
89 890
327 62
630 968
149 459
903 572
587 210
740 634
158 502
299 274
360 68
270 667
514 381
536 850
163 739
248 546
125 609
232 677
527 985
575 816
154 453
543 49
449 274
886 539
784 416
804 601
17 121
860 219
950 646
762 387
442 646
591 656
151 551
945 921
195 792
945 168
49 499
96 42
378 980
969 751
245 866
458 774
718 88
148 766
392 503
501 479
321 73
452 738
984 545
215 443
508 423
695 440
478 761
537 924
884 589
466 225
507 511
319 339
411 120
247 683
819 474
344 389
300 342
436 477
506 663
57 544
615 965
204 913
208 442
626 155
9 645
497 854
599 205
512 861
638 120
857 572
930 775
574 667
516 998
683 839
353 314
688 61
941 164
599 1
559 832
927 735
513 421
742 661
537 303
768 673
775 190
137 231
283 476
889 86
750 368
14 773
793 653
418 351
368 542
936 971
494 50
920 901
442 28
649 156
68 968
979 879
925 140
48 789
522 480
195 966
895 569
143 243
956 659
721 175
6 772
329 349
82 406
154 571
808 647
212 387
982 812
737 548
899 296
276 10
168 696
18 273
172 171
282 298
449 554
324 201
107 307
14 925
181 846
240 385
665 739
258 924
929 228
613 843
137 898
941 761
337 576
391 13
528 93
965 877
361 444
380 648
704 675
495 754
919 108
958 409
118 170
248 309
546 996
618 681
782 107
770 103
931 674
126 314
110 927
936 12
40 449
205 953
224 851
242 467
405 32
984 363
467 322
118 654
212 989
339 207
984 163
602 286
322 899
333 336
566 893
236 112
398 995
184 363
578 346
118 387
427 999
397 771
299 25
397 153
208 482
242 359
775 222
923 241
209 630
67 883
304 180
728 557
215 326
125 698
436 974
860 819
312 212
258 144
666 277
24 200
78 447
32 575
329 717
945 490
858 630
399 374
325 88
143 193
454 268
522 887
755 994
57 571
683 468
704 127
626 712
669 153
652 247
546 878
321 894
431 698
288 353
380 274
808 803
697 523
37 106
757 832
75 766
403 912
888 379
334 864
318 529
945 212
871 39
657 578
674 864
287 470
179 249
495 602
737 679
773 124
848 760
280 789
961 500
541 571
102 681
195 473
529 934
587 286
260 138
533 481
220 503
439 721
60 502
404 299
740 368
408 249
83 591
853 746
265 881
485 384
730 298
531 183
18 469
74 710
883 619
739 56
775 611
711 304
887 400
688 874
700 503
360 353
288 376
440 772
220 277
4 791
850 307
171 443
961 348
719 579
246 139
527 485
928 342
215 487
269 64
837 346
919 912
495 855
687 739
248 475
566 249
12 371
395 760
625 88
418 950
149 538
754 713
369 471
848 654
351 158
834 827
173 373
981 568
411 384
886 940
982 985
987 673
82 921
808 471
128 308
628 98
510 333
204 166
333 784
62 470
6 855
925 1
904 447
985 302
359 223
971 335
772 831
592 120
404 942
151 601
43 816
853 776
335 150
840 855
229 681
638 182
453 295
665 400
4 506
761 640
559 679
908 715
730 726
374 811
145 241
878 381
575 519
862 556
473 273
41 851
848 645
425 1
753 125
407 860
428 583
747 476
324 624
327 158
757 80
151 172
499 183
82 373
300 444
468 16
530 119
752 171
516 38
330 426
539 207
831 846
833 379
390 831
155 659
409 588
765 588
51 937
930 483
198 24
172 682
681 709
337 271
869 766
691 831
431 632
784 202
74 720
857 799
311 328
96 210
150 499
318 394
23 518
22 743
293 712
97 898
319 37
668 113
229 646
815 130
928 884
361 789
110 241
988 259
951 393
310 868
900 571
8 455
407 908
981 812
67 81
875 300
324 139
159 385
363 80
74 584
176 632
767 689
72 897
408 753
575 915
319 79
266 345
853 845
883 589
844 427
592 148
8 656
631 664
728 372
926 379
340 311
464 616
737 798
616 950
823 298
787 829
146 207
276 84
633 569
318 28
67 626
361 798
420 315
747 942
15 681
346 845
833 160
4 320
224 622
742 850
725 250
754 761
943 610
416 326
488 33
507 890
825 281
20 190
972 152
42 295
665 832
578 630
887 666
253 713
104 422
894 39
666 455
595 637
173 29
767 549
613 389
747 839
815 736
620 134
432 567
452 784
380 213
714 648
574 837
299 228
689 827
47 122
33 831
605 231
128 90
662 557
96 883
191 193
778 140
707 254
979 517
411 784
765 599
253 205
181 646
204 348
810 387
791 423
308 102
651 336
889 829
575 197
763 980
432 326
895 164
400 414
163 138
725 171
844 473
148 318
550 355
408 35
652 740
726 296
412 986
363 722
45 283
623 995
56 138
436 411
26 340
114 384
259 482
688 511
967 648
465 901
602 771
714 473
882 496
949 712
719 29
955 388
5 539
556 593
608 988
229 546
701 289
71 853
875 897
866 639
707 967
321 202
232 20
378 223
692 618
930 205
162 374
189 448
936 60
829 953
77 948
769 175
189 602
905 300
688 684
849 272
394 414
379 180
324 595
570 474
697 722
185 645
882 750
719 192
981 868
353 260
530 180
372 839
67 617
288 973
323 755
105 927
270 579
110 713
143 613
216 909
627 830
793 298
540 722
656 763
725 815
372 569
370 105
250 247
657 93
87 22
677 18
160 314
510 651
574 540
563 115
496 800
80 277
439 514
707 125
85 902
121 437
690 885
711 232
942 457
363 390
71 73
382 891
592 811
808 424
702 879
920 978
61 414
247 856
14 254
395 854
13 283
967 964
767 955
74 949
71 549
929 84
347 862
4 856
919 364
886 572
45 575
118 704
821 489
83 537
288 853
255 583
473 996
293 358
883 7
403 977
865 669
448 166
588 499
929 307
692 969
714 346
143 915
292 511
916 612
165 69
305 354
872 419
357 735
67 195
838 579
588 569
365 293
165 728
403 413
43 781
928 484
341 742
861 226
380 249
31 910
678 43
535 783
310 449
809 333
424 579
24 456
298 36
779 677
889 562
339 871
563 890
819 49
433 97
714 825
763 38
109 102
844 200
789 959
440 173
791 943
238 366
210 520
155 322
82 500
530 266
219 801
143 920
49 828
809 263
721 42
99 228
206 217
740 996
432 7
448 359
636 776
249 634
433 757
776 296
270 367
401 953
805 160
453 987
510 371
936 614
611 913
188 839
891 910
711 111
179 989
553 898
219 207
458 909
292 196
419 980
573 736
137 720
757 271
750 835
26 571
17 16
515 437
626 75
754 545
171 107
739 824
188 95
425 891
228 681
852 182
288 221
527 926
753 871
694 975
204 447
165 302
682 88
573 962
78 416
143 910
9 103
417 788
783 689
453 964
429 993
886 859
119 694
429 634
963 881
43 323
973 557
87 846
971 865
304 181
238 352
681 831
902 794
724 273
137 729
143 649
231 356
527 443
620 879
239 451
648 864
721 350
686 134
264 446
138 526
875 244
748 126
804 867
716 87
516 372
790 383
403 235
333 993
997 740
119 325
157 509
70 58
490 976
649 799
91 812
74 172
493 144
935 121
828 21
888 760
27 139
266 538
279 806
67 210
114 470
404 57
743 897
348 249
928 376
69 850
32 850
487 146
637 910
171 264
253 173
757 561
527 778
683 597
248 779
762 499
308 311
670 877
142 540
752 427
721 780
611 302
179 776
130 643
975 373
246 976
410 66
247 675
324 364
514 771
129 263
865 950
701 367
168 741
410 247
248 745
204 709
289 791
50 768
695 598
754 507
312 602
323 791
408 793
280 78
779 826
905 459
999 991
798 837
17 568
168 228
53 274
967 134
58 274
242 928
494 817
26 654
559 167
477 816
49 682
382 887
214 987
749 122
602 491
382 822
535 515
235 273
494 623
556 542
668 571
562 607
192 158
72 69
357 322
32 130
398 944
843 519
162 776
62 958
591 130
710 980
524 812
851 868
784 406
986 5
624 256
54 679
754 498
312 609
650 918
903 456
135 663
544 156
728 169
747 202
395 241
162 732
612 906
513 878
457 511
793 281
522 249
903 345
407 963
302 897
110 131
654 693
523 169
767 675
255 177
130 635
95 586
359 135
866 551
481 88
653 621
304 511
603 696
819 999
351 1
716 211
936 244
754 807
4 666
4 215
116 742
100 35
562 114
945 378
690 584
657 688
272 620
223 910
492 309
990 588
720 523
719 21
465 656
706 328
128 868
448 557
530 515
582 597
70 864
198 52
405 520
332 651
422 726
404 325
297 261
154 390
981 236
102 101
340 429
412 626
987 826
269 870
181 21
898 64
130 447
350 628
849 384
48 315
889 76
963 392
211 751
357 372
875 97
35 723
862 946
81 175
318 955
947 627
947 38
939 193
589 772
972 435
187 621
43 375
23 910
836 188
337 86
961 713
374 934
821 181
533 271
453 648
238 502
755 989
81 902
578 476
317 851
502 571
232 203
43 357
361 406
126 776
272 60
843 992
754 710
702 37
463 675
541 377
872 507
374 671
711 610
186 738
397 534
128 667
18 526
203 843
168 140
719 852
243 7
758 817
260 676
501 610
48 55
543 593
711 932
617 383
345 142
608 223
20 520
874 811
133 189
559 250
338 522
874 744
213 826
676 422
494 115
770 121
351 113
429 679
67 700
982 445
730 138
474 518
553 379
128 739
199 163
73 934
510 681
439 723
462 50
960 886
189 46
306 667
749 748
335 671
402 368
426 468
117 176
743 736
537 661
782 734
872 2
143 76
71 739
592 453
224 186
321 157
575 73
189 286
852 706
319 600
265 502
945 641
380 565
470 868
1 755
656 358
223 435
973 446
133 311
918 379
727 537
